5.000000 6.374711
10.000000 12.418802
15.000000 21.528597
20.000000 6.819998
25.000000 2.650827
30.000000 1.656665
35.000000 1.653429
40.000000 1.485140
45.000000 1.319802
50.000000 1.625829
55.000000 1.409194
60.000000 1.337615
65.000000 1.441720
70.000000 1.290730
75.000000 1.319475
80.000000 1.348617
85.000000 1.348746
90.000000 1.384202
95.000000 1.302625
100.000000 1.279820
105.000000 1.333891
110.000000 1.494820
115.000000 1.305873
120.000000 1.348262
125.000000 1.319731
130.000000 1.388278
135.000000 1.294305
140.000000 1.337688
145.000000 1.271567
150.000000 1.341340
155.000000 1.273250
160.000000 1.273510
165.000000 1.314873
170.000000 1.274230
175.000000 1.320361
180.000000 1.272219
185.000000 1.317479
190.000000 1.426927
195.000000 1.337118
200.000000 1.265613
205.000000 1.274266
210.000000 1.303586
215.000000 1.306446
220.000000 1.330154
225.000000 1.257716
230.000000 1.263400
235.000000 1.312757
240.000000 1.341268
245.000000 1.262257
250.000000 1.369776
255.000000 1.271169
260.000000 1.280255
265.000000 1.359419
270.000000 1.271982
275.000000 1.307354
280.000000 1.315929
285.000000 1.390527
290.000000 1.422997
295.000000 1.276952
300.000000 1.283662
305.000000 1.323458
310.000000 1.384291
315.000000 1.323677
320.000000 1.441074
325.000000 1.459742
330.000000 1.366843
335.000000 1.272866
340.000000 1.298033
345.000000 1.363178
350.000000 1.528910
355.000000 1.276660
360.000000 1.269671
365.000000 1.279504
370.000000 1.458522
375.000000 1.544988
380.000000 1.323177
385.000000 1.733897
390.000000 1.533147
395.000000 4.751384
400.000000 47.911475
405.000000 44.217281
410.000000 36.754608
415.000000 43.438028
420.000000 21.097682
425.000000 6.937640
430.000000 4.565828
435.000000 3.211257
440.000000 3.003489
445.000000 1.829985
450.000000 2.121876
455.000000 1.734504
460.000000 1.781873
465.000000 1.789101
470.000000 1.791457
475.000000 1.800814
480.000000 1.632604
485.000000 1.912828
490.000000 1.705801
495.000000 1.938604
500.000000 1.789282
505.000000 2.054258
510.000000 14.522959
515.000000 4.106291
520.000000 14.224503
525.000000 4.200968
530.000000 2.286653
535.000000 2.123568
540.000000 2.845222
545.000000 4.604488
550.000000 5.994326
555.000000 3.053081
560.000000 2.588703
565.000000 2.048154
570.000000 2.292667
575.000000 1.754455
580.000000 2.063499
585.000000 0.764635
