0.000000 2261321.979769
0.000000 2261321.979769
0.000000 2261321.979769
0.000000 2261321.979769
0.000000 2261321.979769
0.000000 2261321.979769
0.000000 2261321.979769
0.000000 2261321.979769
0.000000 2261321.979769
0.000000 2261321.979769
0.000000 2261321.979769
0.000000 2261321.979769
0.000000 2261321.979769
0.000000 2261321.979769
0.000000 2261321.979769
0.000000 2261321.979769
0.000000 2261321.979769
0.000000 2261321.979769
0.000000 2261321.979769
0.000000 2261321.979769
0.000000 2261321.979769
0.000000 2261321.979769
0.000000 2261321.979769
0.000000 2261321.979769
0.000000 2261321.979769
0.000000 2261321.979769
0.000000 2261321.979769
0.000000 2261321.979769
0.000000 2261321.979769
0.000000 2261321.979769
0.000000 2261321.979769
0.000000 2261321.979769
0.000000 2261321.979769
0.000000 2261321.979769
0.000000 2261321.979769
0.000000 2261321.979769
0.000000 2261321.979769
0.000000 2261321.979769
0.000000 2261321.979769
2.000000 635984241.087283
2.500000 794414970.864161
1.500000 477553511.310405
1.000000 319122781.533526
0.000000 2261321.979769
0.000000 2261321.979769
0.500000 160692051.756647
0.000000 2261321.979769
0.000000 2261321.979769
0.000000 2261321.979769
0.000000 2261321.979769
0.000000 2261321.979769
0.500000 160692051.756647
1.500000 477553511.310405
0.500000 160692051.756647
0.000000 2261321.979769
0.500000 160692051.756647
0.000000 2261321.979769
0.500000 160692051.756647
