1.000000 28345069
2.000000 15119746
3.000000 8604852
4.000000 15603751
5.000000 16664002
6.000000 28068993
7.000000 33876192
8.000000 12007153
9.000000 14757299
10.000000 75591118
11.000000 77662547
12.000000 81479890
13.000000 55580988
14.000000 43084017
15.000000 27015898
16.000000 25784055
17.000000 20165008
18.000000 18514512
19.000000 11351505
20.000000 14413490
21.000000 11325582
22.000000 7187670
23.000000 6289662
24.000000 5180942
25.000000 5086580
26.000000 4540485
27.000000 4168211
28.000000 4659365
29.000000 4832892
30.000000 3716721
31.000000 5229645
32.000000 3528427
33.000000 4519980
34.000000 5023806
35.000000 3573013
36.000000 4088747
37.000000 3603529
38.000000 4075980
39.000000 3901078
40.000000 3979067
41.000000 3970907
42.000000 3474790
43.000000 3340869
44.000000 3334685
45.000000 3339723
46.000000 3810107
47.000000 5642796
48.000000 5396720
49.000000 3312280
50.000000 3347809
51.000000 3803218
52.000000 3375508
53.000000 3682714
54.000000 3390910
55.000000 4391290
56.000000 4262251
57.000000 3366326
58.000000 3352500
59.000000 3357192
60.000000 3358383
61.000000 4041182
62.000000 3917140
63.000000 4064283
64.000000 3700425
65.000000 3350923
66.000000 3343667
67.000000 3358689
68.000000 3348106
69.000000 3346275
70.000000 3679617
71.000000 3680763
72.000000 3693538
73.000000 3377221
74.000000 3358520
75.000000 3346618
76.000000 3393010
77.000000 3382496
78.000000 3382603
79.000000 3375995
80.000000 4308100
81.000000 3396167
82.000000 3377277
83.000000 3376630
84.000000 3874140
85.000000 3819702
86.000000 3708485
87.000000 3367607
88.000000 3340384
89.000000 3364321
90.000000 4532193
91.000000 3420608
92.000000 3371080
93.000000 3379353
94.000000 3652614
95.000000 3410077
96.000000 3433032
97.000000 3374079
98.000000 3377211
99.000000 3391397
100.000000 3356293
101.000000 3392544
102.000000 3459634
103.000000 3439753
104.000000 3964553
105.000000 3390889
106.000000 4142237
107.000000 3871755
108.000000 3353965
109.000000 5048940
110.000000 3359569
111.000000 3360673
112.000000 3679509
113.000000 3462965
114.000000 3426283
115.000000 3347273
116.000000 3366054
117.000000 4282185
118.000000 3403671
119.000000 3370386
120.000000 3415204
121.000000 3765825
122.000000 3388876
123.000000 3392368
124.000000 3404050
125.000000 3508924
126.000000 4740359
127.000000 3415777
128.000000 3391780
129.000000 3418734
130.000000 3400266
131.000000 3567272
132.000000 3438993
133.000000 3352107
134.000000 3396181
135.000000 3369100
136.000000 3827222
137.000000 3443129
138.000000 3652815
139.000000 3373805
140.000000 3400645
141.000000 3399436
142.000000 3325856
143.000000 3382969
144.000000 3345077
145.000000 3369497
146.000000 3383730
147.000000 3346603
148.000000 3761925
149.000000 3667471
150.000000 3586195
151.000000 3381154
152.000000 3362912
153.000000 3357486
154.000000 3371047
155.000000 3372503
156.000000 3371002
157.000000 3373072
158.000000 3352328
159.000000 3351028
160.000000 3401108
161.000000 3375436
162.000000 3822153
163.000000 3399594
164.000000 3405238
165.000000 3393351
166.000000 3379517
167.000000 3385945
168.000000 3366169
169.000000 3381894
170.000000 3344538
171.000000 3832364
172.000000 3564709
173.000000 3363728
174.000000 3342657
175.000000 3364917
176.000000 3379936
177.000000 3374306
178.000000 3370323
179.000000 3361872
180.000000 3345016
181.000000 3350952
182.000000 3406804
183.000000 3373839
184.000000 3919363
185.000000 3379285
186.000000 3500568
187.000000 3433180
188.000000 3563670
189.000000 3818645
190.000000 4562175
191.000000 3401775
192.000000 3931025
193.000000 3615145
194.000000 3364927
195.000000 3377205
196.000000 3366066
197.000000 3341962
198.000000 3356410
199.000000 3329520
200.000000 3350106
201.000000 3329065
202.000000 3329305
203.000000 3485556
204.000000 3361383
205.000000 3353227
206.000000 3737368
207.000000 3384887
208.000000 3393628
209.000000 3369709
210.000000 3360853
211.000000 3333802
212.000000 3337323
213.000000 3343348
214.000000 3360119
215.000000 3909693
216.000000 3606176
217.000000 3330203
218.000000 3320008
219.000000 4005076
220.000000 3336475
221.000000 3322689
222.000000 3317613
223.000000 3350220
224.000000 3325399
225.000000 3323659
226.000000 3342871
227.000000 3345618
228.000000 3363770
229.000000 3330804
230.000000 3331716
231.000000 3375978
232.000000 3408945
233.000000 3813450
234.000000 3391349
235.000000 3378050
236.000000 3394380
237.000000 3357483
238.000000 3562910
239.000000 4103736
240.000000 3326463
241.000000 3352561
242.000000 3326500
243.000000 3337423
244.000000 3367598
245.000000 3315574
246.000000 3310074
247.000000 4769282
248.000000 3335896
249.000000 3360135
250.000000 3346743
251.000000 3331856
252.000000 3382719
253.000000 3349937
254.000000 3352010
255.000000 3401040
256.000000 3397521
257.000000 3390430
258.000000 3384118
259.000000 3359908
260.000000 3405796
261.000000 3979331
262.000000 3488711
263.000000 3368222
264.000000 3778896
265.000000 3369955
266.000000 3363679
267.000000 3337734
268.000000 3354331
269.000000 3412430
270.000000 3360153
271.000000 3364942
272.000000 3770907
273.000000 3365553
274.000000 3383020
275.000000 3411865
276.000000 3425439
277.000000 3736670
278.000000 3447442
279.000000 3409813
280.000000 3390380
281.000000 3401711
282.000000 3419092
283.000000 4631033
284.000000 3573473
285.000000 3371364
286.000000 3365439
287.000000 3755107
288.000000 3664521
289.000000 4443140
290.000000 3598038
291.000000 3388745
292.000000 3381604
293.000000 3367133
294.000000 3369544
295.000000 3387054
296.000000 3396306
297.000000 3356805
298.000000 3375574
299.000000 3392085
300.000000 3462075
301.000000 3733097
302.000000 3381071
303.000000 3405309
304.000000 3394774
305.000000 3595100
306.000000 3991439
307.000000 3354493
308.000000 3401170
309.000000 3929379
310.000000 3637684
311.000000 3828382
312.000000 3390416
313.000000 3386168
314.000000 3439797
315.000000 3467489
316.000000 3404511
317.000000 3669407
318.000000 4885736
319.000000 3555171
320.000000 3550580
321.000000 3424530
322.000000 3995718
323.000000 3612239
324.000000 3794645
325.000000 4485260
326.000000 3936140
327.000000 3874527
328.000000 3372354
329.000000 3428981
330.000000 3471329
331.000000 3422130
332.000000 3355131
333.000000 3360225
334.000000 3336354
335.000000 3366178
336.000000 3326009
337.000000 3351518
338.000000 3815588
339.000000 3343127
340.000000 3336737
341.000000 3326130
342.000000 3351020
343.000000 3749341
344.000000 3917766
345.000000 3690594
346.000000 3958114
347.000000 3387418
348.000000 3322992
349.000000 3325457
350.000000 6233501
351.000000 3329354
352.000000 3598630
353.000000 3352424
354.000000 3308355
355.000000 3301443
356.000000 3347200
357.000000 3327786
358.000000 3300963
359.000000 3349528
360.000000 3472265
361.000000 3349023
362.000000 3329662
363.000000 3596428
364.000000 3332484
365.000000 3320240
366.000000 3345661
367.000000 3329417
368.000000 3457591
369.000000 3824094
370.000000 5339477
371.000000 4729043
372.000000 4091582
373.000000 4290552
374.000000 3478087
375.000000 3850928
376.000000 3652648
377.000000 3793629
378.000000 3319541
379.000000 3395094
380.000000 3344715
381.000000 5789384
382.000000 6631695
383.000000 3514195
384.000000 3441096
385.000000 3563093
386.000000 3975989
387.000000 4183420
388.000000 3382271
389.000000 3673443
390.000000 5068413
391.000000 5271537
392.000000 4038005
393.000000 3784214
394.000000 4798545
395.000000 44968514
396.000000 50802949
397.000000 48524013
398.000000 86458045
399.000000 188381812
400.000000 259701993
401.000000 90046306
402.000000 210712937
403.000000 104658925
404.000000 117409459
405.000000 62167006
406.000000 92154899
407.000000 28933102
408.000000 78616980
409.000000 113349254
410.000000 173209233
411.000000 129976721
412.000000 135157864
413.000000 120638403
414.000000 118522188
415.000000 70389938
416.000000 60831921
417.000000 64915068
418.000000 57787700
419.000000 64530475
420.000000 31057171
421.000000 35738757
422.000000 25171630
423.000000 14170755
424.000000 9512233
425.000000 7191608
426.000000 7290114
427.000000 20930355
428.000000 13118790
429.000000 8820725
430.000000 10245921
431.000000 8529679
432.000000 8373818
433.000000 6684865
434.000000 8190295
435.000000 10706275
436.000000 6849422
437.000000 8419953
438.000000 9271606
439.000000 6266114
440.000000 8929066
441.000000 5260939
442.000000 4221451
443.000000 5316725
444.000000 4296603
445.000000 5114989
446.000000 6300748
447.000000 5604533
448.000000 3921644
449.000000 6055132
450.000000 6190358
451.000000 4887093
452.000000 4391223
453.000000 4864000
454.000000 4610901
455.000000 4194276
456.000000 4463459
457.000000 5798528
458.000000 4018815
459.000000 4904528
460.000000 4388855
461.000000 3792291
462.000000 5077086
463.000000 5058941
464.000000 4870751
465.000000 4870731
466.000000 4593952
467.000000 3633224
468.000000 5251083
469.000000 6689127
470.000000 3533594
471.000000 4959950
472.000000 6124234
473.000000 5518145
474.000000 3628383
475.000000 3594052
476.000000 4216466
477.000000 5445278
478.000000 3931242
479.000000 3575793
480.000000 4430576
481.000000 4938828
482.000000 5974353
483.000000 3886442
484.000000 4654640
485.000000 5852451
486.000000 4250488
487.000000 4777904
488.000000 4384945
489.000000 4051548
490.000000 5102861
491.000000 3720819
492.000000 6154072
493.000000 5652146
494.000000 4984305
495.000000 5136391
496.000000 5669226
497.000000 4595271
498.000000 4186917
499.000000 4676786
500.000000 4544007
501.000000 5424665
502.000000 4537158
503.000000 5975820
504.000000 5191325
505.000000 6048861
506.000000 11369711
507.000000 139446343
508.000000 23688993
509.000000 10004635
510.000000 7629068
511.000000 7923000
512.000000 10328293
513.000000 6913634
514.000000 8016925
515.000000 21144372
516.000000 81017696
517.000000 46327323
518.000000 22023460
519.000000 18785513
520.000000 20036189
521.000000 19279896
522.000000 10369602
523.000000 10743867
524.000000 8922081
525.000000 6263361
526.000000 6641097
527.000000 6344623
528.000000 4880072
529.000000 7760104
530.000000 4626519
531.000000 4888137
532.000000 8627886
533.000000 3765488
534.000000 5724922
535.000000 5088366
536.000000 5171929
537.000000 5323776
538.000000 5689547
539.000000 9006289
540.000000 12450750
541.000000 12514746
542.000000 6778236
543.000000 8436982
544.000000 7341507
545.000000 25845911
546.000000 28893582
547.000000 21022152
548.000000 11774308
549.000000 10541844
550.000000 7073050
551.000000 7881388
552.000000 7943063
553.000000 8207012
554.000000 8833074
555.000000 7527721
556.000000 6151532
557.000000 5598671
558.000000 7166896
559.000000 7130576
560.000000 8200867
561.000000 4496667
562.000000 7443266
563.000000 5351419
564.000000 4643979
565.000000 5161744
566.000000 6258489
567.000000 6007819
568.000000 5935409
569.000000 4997424
570.000000 7132843
571.000000 5172516
572.000000 4842086
573.000000 3938241
574.000000 4530949
575.000000 4727645
576.000000 5423465
577.000000 5046341
578.000000 4970666
579.000000 6010579
580.000000 5849036
581.000000 10116125
