1.000000 10.712422
2.000000 5.714190
3.000000 3.252023
4.000000 5.897109
5.000000 6.297809
6.000000 10.608085
7.000000 12.802794
8.000000 4.537851
9.000000 5.577211
10.000000 28.568072
11.000000 29.350925
12.000000 30.793609
13.000000 21.005664
14.000000 16.282697
15.000000 10.210090
16.000000 9.744541
17.000000 7.620940
18.000000 6.997170
19.000000 4.290062
20.000000 5.447275
21.000000 4.280265
22.000000 2.716429
23.000000 2.377045
24.000000 1.958028
25.000000 1.922366
26.000000 1.715981
27.000000 1.575288
28.000000 1.760909
29.000000 1.826490
30.000000 1.404656
31.000000 1.976434
32.000000 1.333495
33.000000 1.708231
34.000000 1.898642
35.000000 1.350345
36.000000 1.545256
37.000000 1.361878
38.000000 1.540431
39.000000 1.474330
40.000000 1.503805
41.000000 1.500721
42.000000 1.313224
43.000000 1.262611
44.000000 1.260274
45.000000 1.262178
46.000000 1.439950
47.000000 2.132576
48.000000 2.039577
49.000000 1.251807
50.000000 1.265234
51.000000 1.437346
52.000000 1.275702
53.000000 1.391804
54.000000 1.281523
55.000000 1.659596
56.000000 1.610828
57.000000 1.272232
58.000000 1.267007
59.000000 1.268780
60.000000 1.269230
61.000000 1.527280
62.000000 1.480401
63.000000 1.536010
64.000000 1.398498
65.000000 1.266411
66.000000 1.263669
67.000000 1.269346
68.000000 1.265346
69.000000 1.264654
70.000000 1.390634
71.000000 1.391067
72.000000 1.395895
73.000000 1.276350
74.000000 1.269282
75.000000 1.264784
76.000000 1.282317
77.000000 1.278343
78.000000 1.278384
79.000000 1.275886
80.000000 1.628156
81.000000 1.283510
82.000000 1.276371
83.000000 1.276126
84.000000 1.464150
85.000000 1.443576
86.000000 1.401544
87.000000 1.272716
88.000000 1.262428
89.000000 1.271474
90.000000 1.712847
91.000000 1.292747
92.000000 1.274029
93.000000 1.277155
94.000000 1.380429
95.000000 1.288767
96.000000 1.297442
97.000000 1.275162
98.000000 1.276346
99.000000 1.281707
100.000000 1.268440
101.000000 1.282141
102.000000 1.307496
103.000000 1.299982
104.000000 1.498319
105.000000 1.281515
106.000000 1.565471
107.000000 1.463248
108.000000 1.267560
109.000000 1.908141
110.000000 1.269678
111.000000 1.270096
112.000000 1.390593
113.000000 1.308755
114.000000 1.294892
115.000000 1.265031
116.000000 1.272129
117.000000 1.618362
118.000000 1.286346
119.000000 1.273766
120.000000 1.290704
121.000000 1.423214
122.000000 1.280754
123.000000 1.282074
124.000000 1.286489
125.000000 1.326124
126.000000 1.791519
127.000000 1.290921
128.000000 1.281852
129.000000 1.292039
130.000000 1.285059
131.000000 1.348175
132.000000 1.299695
133.000000 1.266858
134.000000 1.283515
135.000000 1.273280
136.000000 1.446418
137.000000 1.301258
138.000000 1.380505
139.000000 1.275059
140.000000 1.285202
141.000000 1.284745
142.000000 1.256937
143.000000 1.278522
144.000000 1.264201
145.000000 1.273430
146.000000 1.278810
147.000000 1.264778
148.000000 1.421740
149.000000 1.386043
150.000000 1.355327
151.000000 1.277836
152.000000 1.270942
153.000000 1.268891
154.000000 1.274016
155.000000 1.274567
156.000000 1.273999
157.000000 1.274782
158.000000 1.266942
159.000000 1.266450
160.000000 1.285377
161.000000 1.275675
162.000000 1.444502
163.000000 1.284805
164.000000 1.286938
165.000000 1.282446
166.000000 1.277217
167.000000 1.279647
168.000000 1.272173
169.000000 1.278116
170.000000 1.263998
171.000000 1.448361
172.000000 1.347207
173.000000 1.271250
174.000000 1.263287
175.000000 1.271700
176.000000 1.277376
177.000000 1.275248
178.000000 1.273743
179.000000 1.270549
180.000000 1.264178
181.000000 1.266422
182.000000 1.287530
183.000000 1.275071
184.000000 1.481241
185.000000 1.277130
186.000000 1.322966
187.000000 1.297498
188.000000 1.346814
189.000000 1.443176
190.000000 1.724178
191.000000 1.285629
192.000000 1.485648
193.000000 1.366268
194.000000 1.271703
195.000000 1.276344
196.000000 1.272134
197.000000 1.263024
198.000000 1.268485
199.000000 1.258322
200.000000 1.266102
201.000000 1.258150
202.000000 1.258241
203.000000 1.317293
204.000000 1.270364
205.000000 1.267282
206.000000 1.412460
207.000000 1.279247
208.000000 1.282550
209.000000 1.273511
210.000000 1.270164
211.000000 1.259940
212.000000 1.261271
213.000000 1.263548
214.000000 1.269886
215.000000 1.477586
216.000000 1.362878
217.000000 1.258580
218.000000 1.254727
219.000000 1.513634
220.000000 1.260950
221.000000 1.255740
222.000000 1.253822
223.000000 1.266145
224.000000 1.256765
225.000000 1.256107
226.000000 1.263368
227.000000 1.264406
228.000000 1.271266
229.000000 1.258807
230.000000 1.259152
231.000000 1.275880
232.000000 1.288339
233.000000 1.441213
234.000000 1.281689
235.000000 1.276663
236.000000 1.282834
237.000000 1.268890
238.000000 1.346527
239.000000 1.550921
240.000000 1.257167
241.000000 1.267030
242.000000 1.257181
243.000000 1.261309
244.000000 1.272713
245.000000 1.253051
246.000000 1.250973
247.000000 1.802450
248.000000 1.260732
249.000000 1.269892
250.000000 1.264831
251.000000 1.259205
252.000000 1.278427
253.000000 1.266038
254.000000 1.266822
255.000000 1.285351
256.000000 1.284022
257.000000 1.281342
258.000000 1.278956
259.000000 1.269807
260.000000 1.287149
261.000000 1.503904
262.000000 1.318485
263.000000 1.272949
264.000000 1.428154
265.000000 1.273604
266.000000 1.271232
267.000000 1.261426
268.000000 1.267699
269.000000 1.289656
270.000000 1.269899
271.000000 1.271709
272.000000 1.425135
273.000000 1.271940
274.000000 1.278541
275.000000 1.289443
276.000000 1.294573
277.000000 1.412196
278.000000 1.302888
279.000000 1.288667
280.000000 1.281323
281.000000 1.285605
282.000000 1.292174
283.000000 1.750201
284.000000 1.350519
285.000000 1.274136
286.000000 1.271897
287.000000 1.419164
288.000000 1.384929
289.000000 1.679191
290.000000 1.359803
291.000000 1.280705
292.000000 1.278006
293.000000 1.272537
294.000000 1.273448
295.000000 1.280066
296.000000 1.283562
297.000000 1.268634
298.000000 1.275727
299.000000 1.281967
300.000000 1.308418
301.000000 1.410845
302.000000 1.277805
303.000000 1.286965
304.000000 1.282983
305.000000 1.358692
306.000000 1.508480
307.000000 1.267760
308.000000 1.285401
309.000000 1.485026
310.000000 1.374786
311.000000 1.446856
312.000000 1.281336
313.000000 1.279731
314.000000 1.299999
315.000000 1.310464
316.000000 1.286663
317.000000 1.386775
318.000000 1.846461
319.000000 1.343602
320.000000 1.341867
321.000000 1.294229
322.000000 1.510098
323.000000 1.365170
324.000000 1.434106
325.000000 1.695110
326.000000 1.487581
327.000000 1.464296
328.000000 1.274510
329.000000 1.295911
330.000000 1.311916
331.000000 1.293322
332.000000 1.268001
333.000000 1.269926
334.000000 1.260905
335.000000 1.272176
336.000000 1.256995
337.000000 1.266636
338.000000 1.442021
339.000000 1.263464
340.000000 1.261050
341.000000 1.257041
342.000000 1.266447
343.000000 1.416985
344.000000 1.480637
345.000000 1.394782
346.000000 1.495886
347.000000 1.280203
348.000000 1.255855
349.000000 1.256786
350.000000 2.355820
351.000000 1.258259
352.000000 1.360026
353.000000 1.266978
354.000000 1.250323
355.000000 1.247711
356.000000 1.265004
357.000000 1.257667
358.000000 1.247529
359.000000 1.265884
360.000000 1.312269
361.000000 1.265693
362.000000 1.258376
363.000000 1.359194
364.000000 1.259442
365.000000 1.254815
366.000000 1.264422
367.000000 1.258283
368.000000 1.306724
369.000000 1.445236
370.000000 2.017943
371.000000 1.787242
372.000000 1.546327
373.000000 1.621524
374.000000 1.314470
375.000000 1.455377
376.000000 1.380441
377.000000 1.433722
378.000000 1.254551
379.000000 1.283104
380.000000 1.264065
381.000000 2.187976
382.000000 2.506310
383.000000 1.328116
384.000000 1.300490
385.000000 1.346596
386.000000 1.502641
387.000000 1.581036
388.000000 1.278258
389.000000 1.388300
390.000000 1.915500
391.000000 1.992266
392.000000 1.526079
393.000000 1.430164
394.000000 1.813509
395.000000 16.994903
396.000000 19.199905
397.000000 18.338629
398.000000 32.674998
399.000000 71.194940
400.000000 98.148901
401.000000 34.031106
402.000000 79.634519
403.000000 39.553638
404.000000 44.372433
405.000000 23.494711
406.000000 34.828004
407.000000 10.934657
408.000000 29.711633
409.000000 42.837964
410.000000 65.460783
411.000000 49.121966
412.000000 51.080070
413.000000 45.592745
414.000000 44.792966
415.000000 26.602395
416.000000 22.990144
417.000000 24.533283
418.000000 21.839645
419.000000 24.387935
420.000000 11.737404
421.000000 13.506711
422.000000 9.513088
423.000000 5.355539
424.000000 3.594948
425.000000 2.717917
426.000000 2.755145
427.000000 7.910187
428.000000 4.957971
429.000000 3.333607
430.000000 3.872230
431.000000 3.223613
432.000000 3.164708
433.000000 2.526404
434.000000 3.095350
435.000000 4.046211
436.000000 2.588595
437.000000 3.182144
438.000000 3.504008
439.000000 2.368146
440.000000 3.374553
441.000000 1.988261
442.000000 1.595409
443.000000 2.009344
444.000000 1.623811
445.000000 1.933102
446.000000 2.381235
447.000000 2.118115
448.000000 1.482103
449.000000 2.288410
450.000000 2.339515
451.000000 1.846974
452.000000 1.659570
453.000000 1.838246
454.000000 1.742593
455.000000 1.585138
456.000000 1.686870
457.000000 2.191432
458.000000 1.518827
459.000000 1.853563
460.000000 1.658675
461.000000 1.433217
462.000000 1.918778
463.000000 1.911920
464.000000 1.840798
465.000000 1.840790
466.000000 1.736187
467.000000 1.373101
468.000000 1.984536
469.000000 2.528015
470.000000 1.335447
471.000000 1.874509
472.000000 2.314525
473.000000 2.085467
474.000000 1.371271
475.000000 1.358296
476.000000 1.593525
477.000000 2.057928
478.000000 1.485730
479.000000 1.351396
480.000000 1.674443
481.000000 1.866526
482.000000 2.257881
483.000000 1.468799
484.000000 1.759123
485.000000 2.211811
486.000000 1.606382
487.000000 1.805708
488.000000 1.657198
489.000000 1.531197
490.000000 1.928519
491.000000 1.406205
492.000000 2.325802
493.000000 2.136110
494.000000 1.883713
495.000000 1.941191
496.000000 2.142565
497.000000 1.736686
498.000000 1.582357
499.000000 1.767493
500.000000 1.717312
501.000000 2.050138
502.000000 1.714723
503.000000 2.258435
504.000000 1.961952
505.000000 2.286040
506.000000 4.296943
507.000000 52.700810
508.000000 8.952756
509.000000 3.781041
510.000000 2.883246
511.000000 2.994331
512.000000 3.903361
513.000000 2.612862
514.000000 3.029828
515.000000 7.991070
516.000000 30.618933
517.000000 17.508437
518.000000 8.323303
519.000000 7.099589
520.000000 7.572256
521.000000 7.286431
522.000000 3.918973
523.000000 4.060418
524.000000 3.371913
525.000000 2.367105
526.000000 2.509863
527.000000 2.397817
528.000000 1.844320
529.000000 2.932768
530.000000 1.748495
531.000000 1.847368
532.000000 3.260728
533.000000 1.423087
534.000000 2.163614
535.000000 1.923041
536.000000 1.954622
537.000000 2.012009
538.000000 2.150245
539.000000 3.403737
540.000000 4.705499
541.000000 4.729685
542.000000 2.561692
543.000000 3.188580
544.000000 2.774568
545.000000 9.767918
546.000000 10.919721
547.000000 7.944880
548.000000 4.449852
549.000000 3.984068
550.000000 2.673110
551.000000 2.978605
552.000000 3.001913
553.000000 3.101667
554.000000 3.338274
555.000000 2.844944
556.000000 2.324842
557.000000 2.115900
558.000000 2.708577
559.000000 2.694851
560.000000 3.099345
561.000000 1.699421
562.000000 2.813026
563.000000 2.022456
564.000000 1.755094
565.000000 1.950772
566.000000 2.365264
567.000000 2.270529
568.000000 2.243163
569.000000 1.888671
570.000000 2.695708
571.000000 1.954844
572.000000 1.829964
573.000000 1.488375
574.000000 1.712377
575.000000 1.786714
576.000000 2.049684
577.000000 1.907158
578.000000 1.878559
579.000000 2.271572
580.000000 2.210520
581.000000 5.681888
