0.000000 1.646648
0.000000 1.646648
0.000000 1.646648
0.000000 1.646648
0.000000 1.646648
0.000000 1.646648
0.000000 1.646648
0.000000 1.646648
0.000000 1.646648
0.000000 1.646648
0.000000 1.646648
0.000000 1.646648
0.000000 1.646648
0.000000 1.646648
0.000000 1.646648
0.000000 1.646648
0.000000 1.646648
0.000000 1.646648
0.000000 1.646648
0.000000 1.646648
0.000000 1.646648
0.000000 1.646648
0.000000 1.646648
0.000000 1.646648
0.000000 1.646648
0.000000 1.646648
0.000000 1.646648
0.000000 1.646648
0.000000 1.646648
0.000000 1.646648
0.000000 1.646648
0.000000 1.646648
0.000000 1.646648
0.000000 1.646648
0.000000 1.646648
0.000000 1.646648
0.000000 1.646648
0.000000 1.646648
0.000000 1.646648
0.000000 1.646648
0.000000 1.646648
0.000000 1.646648
0.000000 1.646648
0.000000 1.646648
0.000000 1.646648
0.000000 1.646648
0.000000 1.646648
0.000000 1.646648
0.000000 1.646648
0.000000 1.646648
0.000000 1.646648
0.000000 1.646648
0.000000 1.646648
0.000000 1.646648
0.000000 1.646648
0.000000 1.646648
0.000000 1.646648
0.000000 1.646648
0.000000 1.646648
0.000000 1.646648
0.000000 1.646648
0.000000 1.646648
0.000000 1.646648
0.000000 1.646648
0.000000 1.646648
0.000000 1.646648
0.000000 1.646648
0.000000 1.646648
0.000000 1.646648
0.000000 1.646648
0.000000 1.646648
0.000000 1.646648
0.000000 1.646648
0.000000 1.646648
0.000000 1.646648
0.000000 1.646648
0.000000 1.646648
0.000000 1.646648
0.000000 1.646648
2.000000 46.099746
1.500000 34.986471
1.000000 23.873197
1.000000 23.873197
0.500000 12.759922
0.500000 12.759922
0.500000 12.759922
0.000000 1.646648
0.000000 1.646648
0.000000 1.646648
0.000000 1.646648
0.500000 12.759922
0.000000 1.646648
0.000000 1.646648
0.000000 1.646648
0.000000 1.646648
0.000000 1.646648
0.000000 1.646648
0.000000 1.646648
0.000000 1.646648
0.000000 1.646648
0.000000 1.646648
0.000000 1.646648
0.000000 1.646648
0.500000 12.759922
1.000000 23.873197
0.500000 12.759922
0.000000 1.646648
0.500000 12.759922
0.000000 1.646648
0.000000 1.646648
0.500000 12.759922
0.000000 1.646648
0.000000 1.646648
0.000000 1.646648
0.500000 12.759922
0.000000 1.646648
