10.000000 248638175
20.000000 375051910
30.000000 56988110
40.000000 41523272
50.000000 38970686
60.000000 36340292
70.000000 36150307
80.000000 35298864
90.000000 36156906
100.000000 34165744
110.000000 37423839
120.000000 35114203
130.000000 35826959
140.000000 34821269
150.000000 34568759
160.000000 33693640
170.000000 34253835
180.000000 34299828
190.000000 36308481
200.000000 34434141
210.000000 34104981
220.000000 34882223
230.000000 33354359
240.000000 35112744
250.000000 34821786
260.000000 33755335
270.000000 34813442
280.000000 34706031
290.000000 37222918
300.000000 33876925
310.000000 35823516
320.000000 36577657
330.000000 37395723
340.000000 34012997
350.000000 38262333
360.000000 33687948
370.000000 36224077
380.000000 37945819
390.000000 43222999
400.000000 696729627
410.000000 1071258101
420.000000 853807449
430.000000 152190888
440.000000 82221093
450.000000 52283122
460.000000 46521678
470.000000 47370780
480.000000 45424119
490.000000 47874460
500.000000 49319940
510.000000 219316579
520.000000 242516405
530.000000 85831222
540.000000 65737090
550.000000 140222318
560.000000 74640800
570.000000 57429059
580.000000 50511524
590.000000 10116125
