0.000000 6.374711
0.000000 12.418802
0.000000 21.528597
0.000000 6.819998
0.000000 2.650827
0.000000 1.656665
0.000000 1.653429
0.000000 1.485140
0.000000 1.319802
0.000000 1.625829
0.000000 1.409194
0.000000 1.337615
0.000000 1.441720
0.000000 1.290730
0.000000 1.319475
0.000000 1.348617
0.000000 1.348746
0.000000 1.384202
0.000000 1.302625
0.000000 1.279820
0.000000 1.333891
0.000000 1.494820
0.000000 1.305873
0.000000 1.348262
0.000000 1.319731
0.000000 1.388278
0.000000 1.294305
0.000000 1.337688
0.000000 1.271567
0.000000 1.341340
0.000000 1.273250
0.000000 1.273510
0.000000 1.314873
0.000000 1.274230
0.000000 1.320361
0.000000 1.272219
0.000000 1.317479
0.000000 1.426927
0.000000 1.337118
0.000000 1.265613
0.000000 1.274266
0.000000 1.303586
0.000000 1.306446
0.000000 1.330154
0.000000 1.257716
0.000000 1.263400
0.000000 1.312757
0.000000 1.341268
0.000000 1.262257
0.000000 1.369776
0.000000 1.271169
0.000000 1.280255
0.000000 1.359419
0.000000 1.271982
0.000000 1.307354
0.000000 1.315929
0.000000 1.390527
0.000000 1.422997
0.000000 1.276952
0.000000 1.283662
0.000000 1.323458
0.000000 1.384291
0.000000 1.323677
0.000000 1.441074
0.000000 1.459742
0.000000 1.366843
0.000000 1.272866
0.000000 1.298033
0.000000 1.363178
0.000000 1.528910
0.000000 1.276660
0.000000 1.269671
0.000000 1.279504
0.000000 1.458522
0.000000 1.544988
0.000000 1.323177
0.000000 1.733897
0.000000 1.533147
0.000000 4.751384
2.000000 47.911475
1.500000 44.217281
1.000000 36.754608
1.000000 43.438028
0.500000 21.097682
0.500000 6.937640
0.500000 4.565828
0.000000 3.211257
0.000000 3.003489
0.000000 1.829985
0.000000 2.121876
0.500000 1.734504
0.000000 1.781873
0.000000 1.789101
0.000000 1.791457
0.000000 1.800814
0.000000 1.632604
0.000000 1.912828
0.000000 1.705801
0.000000 1.938604
0.000000 1.789282
0.000000 2.054258
0.000000 14.522959
0.000000 4.106291
0.500000 14.224503
1.000000 4.200968
0.500000 2.286653
0.000000 2.123568
0.500000 2.845222
0.000000 4.604488
0.000000 5.994326
0.500000 3.053081
0.000000 2.588703
0.000000 2.048154
0.000000 2.292667
0.500000 1.754455
0.000000 2.063499
