0.000000 248638175
0.000000 375051910
0.000000 56988110
0.000000 41523272
0.000000 38970686
0.000000 36340292
0.000000 36150307
0.000000 35298864
0.000000 36156906
0.000000 34165744
0.000000 37423839
0.000000 35114203
0.000000 35826959
0.000000 34821269
0.000000 34568759
0.000000 33693640
0.000000 34253835
0.000000 34299828
0.000000 36308481
0.000000 34434141
0.000000 34104981
0.000000 34882223
0.000000 33354359
0.000000 35112744
0.000000 34821786
0.000000 33755335
0.000000 34813442
0.000000 34706031
0.000000 37222918
0.000000 33876925
0.000000 35823516
0.000000 36577657
0.000000 37395723
0.000000 34012997
0.000000 38262333
0.000000 33687948
0.000000 36224077
0.000000 37945819
0.000000 43222999
2.000000 696729627
2.500000 1071258101
1.500000 853807449
1.000000 152190888
0.000000 82221093
0.000000 52283122
0.500000 46521678
0.000000 47370780
0.000000 45424119
0.000000 47874460
0.000000 49319940
0.000000 219316579
0.500000 242516405
1.500000 85831222
0.500000 65737090
0.000000 140222318
0.500000 74640800
0.000000 57429059
0.500000 50511524
