0.000000 4
0.000000 0
0.000000 0
0.000000 0
0.000000 0
0.000000 0
6.000000 14
1.500000 1
2.500000 3
0.000000 1
0.000000 0
0.000000 1
0.000000 0
0.000000 0
0.000000 0
0.000000 0
0.000000 0
4.000000 15
3.000000 3
0.000000 0
0.000000 0
0.500000 1
0.000000 1
0.000000 0
0.000000 1
0.000000 0
0.000000 0
0.000000 0
0.000000 0
0.000000 0
0.000000 0
0.000000 1
0.000000 0
0.000000 0
0.000000 0
1.500000 23
1.500000 5
0.000000 0
0.000000 0
0.000000 0
0.000000 0
0.000000 0
0.000000 0
0.000000 0
0.000000 0
0.000000 0
0.000000 0
0.000000 0
0.000000 0
0.000000 0
0.000000 1
0.000000 0
0.000000 0
0.000000 13
0.000000 6
0.000000 6
178.000000 34657
10.500000 1662
7.500000 435
0.000000 0
0.000000 0
0.000000 0
0.000000 0
0.000000 0
0.000000 0
0.000000 0
0.500000 12
1.500000 12
4.000000 29
6.500000 8
4.000000 44
4.000000 34
20.000000 308
