0.000000 1.000000
0.006283 0.999980
0.012566 0.999921
0.018848 0.999822
0.025130 0.999684
0.031411 0.999507
0.037690 0.999289
0.043968 0.999033
0.050244 0.998737
0.056519 0.998402
0.062791 0.998027
0.069060 0.997613
0.075327 0.997159
0.081591 0.996666
0.087851 0.996134
0.094108 0.995562
0.100362 0.994951
0.106611 0.994301
0.112856 0.993611
0.119097 0.992883
0.125333 0.992115
0.131564 0.991308
0.137790 0.990461
0.144011 0.989576
0.150226 0.988652
0.156434 0.987688
0.162637 0.986686
0.168833 0.985645
0.175023 0.984564
0.181206 0.983445
0.187381 0.982287
0.193549 0.981091
0.199710 0.979855
0.205863 0.978581
0.212007 0.977268
0.218143 0.975917
0.224271 0.974527
0.230389 0.973099
0.236499 0.971632
0.242599 0.970127
0.248690 0.968583
0.254771 0.967001
0.260842 0.965382
0.266902 0.963724
0.272952 0.962028
0.278991 0.960294
0.285019 0.958522
0.291036 0.956712
0.297042 0.954865
0.303035 0.952979
0.309017 0.951057
0.314987 0.949096
0.320944 0.947098
0.326888 0.945063
0.332820 0.942991
0.338738 0.940881
0.344643 0.938734
0.350534 0.936550
0.356412 0.934329
0.362275 0.932071
0.368125 0.929776
0.373959 0.927445
0.379779 0.925077
0.385584 0.922673
0.391374 0.920232
0.397148 0.917755
0.402906 0.915241
0.408649 0.912692
0.414376 0.910106
0.420086 0.907484
0.425779 0.904827
0.431456 0.902134
0.437116 0.899405
0.442758 0.896641
0.448383 0.893841
0.453990 0.891007
0.459580 0.888136
0.465151 0.885231
0.470704 0.882291
0.476238 0.879316
0.481754 0.876307
0.487250 0.873262
0.492727 0.870184
0.498185 0.867071
0.503623 0.863923
0.509041 0.860742
0.514440 0.857527
0.519817 0.854277
0.525175 0.850994
0.530511 0.847678
0.535827 0.844328
0.541121 0.840945
0.546394 0.837528
0.551646 0.834078
0.556876 0.830596
0.562083 0.827081
0.567269 0.823533
0.572432 0.819952
0.577573 0.816339
0.582690 0.812694
0.587785 0.809017
0.592857 0.805308
0.597905 0.801567
0.602930 0.797794
0.607930 0.793990
0.612907 0.790155
0.617860 0.786288
0.622788 0.782391
0.627691 0.778462
0.632570 0.774503
0.637424 0.770513
0.642253 0.766493
0.647056 0.762443
0.651834 0.758362
0.656586 0.754251
0.661312 0.750111
0.666012 0.745941
0.670686 0.741742
0.675333 0.737513
0.679953 0.733255
0.684547 0.728969
0.689114 0.724653
0.693653 0.720309
0.698165 0.715936
0.702650 0.711536
0.707107 0.707107
0.711536 0.702650
0.715936 0.698165
0.720309 0.693653
0.724653 0.689114
0.728969 0.684547
0.733255 0.679953
0.737513 0.675333
0.741742 0.670686
0.745941 0.666012
0.750111 0.661312
0.754251 0.656586
0.758362 0.651834
0.762443 0.647056
0.766493 0.642253
0.770513 0.637424
0.774503 0.632570
0.778462 0.627691
0.782391 0.622788
0.786288 0.617860
0.790155 0.612907
0.793990 0.607930
0.797794 0.602930
0.801567 0.597905
0.805308 0.592857
0.809017 0.587785
0.812694 0.582690
0.816339 0.577573
0.819952 0.572432
0.823533 0.567269
0.827081 0.562083
0.830596 0.556876
0.834078 0.551646
0.837528 0.546394
0.840945 0.541121
0.844328 0.535827
0.847678 0.530511
0.850994 0.525175
0.854277 0.519817
0.857527 0.514440
0.860742 0.509041
0.863923 0.503623
0.867071 0.498185
0.870184 0.492727
0.873262 0.487250
0.876307 0.481754
0.879316 0.476238
0.882291 0.470704
0.885231 0.465151
0.888136 0.459580
0.891007 0.453990
0.893841 0.448383
0.896641 0.442758
0.899405 0.437116
0.902134 0.431456
0.904827 0.425779
0.907484 0.420086
0.910106 0.414376
0.912692 0.408649
0.915241 0.402906
0.917755 0.397148
0.920232 0.391374
0.922673 0.385584
0.925077 0.379779
0.927445 0.373959
0.929776 0.368125
0.932071 0.362275
0.934329 0.356412
0.936550 0.350534
0.938734 0.344643
0.940881 0.338738
0.942991 0.332820
0.945063 0.326888
0.947098 0.320944
0.949096 0.314987
0.951057 0.309017
0.952979 0.303035
0.954865 0.297042
0.956712 0.291036
0.958522 0.285019
0.960294 0.278991
0.962028 0.272952
0.963724 0.266902
0.965382 0.260842
0.967001 0.254771
0.968583 0.248690
0.970127 0.242599
0.971632 0.236499
0.973099 0.230389
0.974527 0.224271
0.975917 0.218143
0.977268 0.212007
0.978581 0.205863
0.979855 0.199710
0.981091 0.193549
0.982287 0.187381
0.983445 0.181206
0.984564 0.175023
0.985645 0.168833
0.986686 0.162637
0.987688 0.156434
0.988652 0.150226
0.989576 0.144011
0.990461 0.137790
0.991308 0.131564
0.992115 0.125333
0.992883 0.119097
0.993611 0.112856
0.994301 0.106611
0.994951 0.100362
0.995562 0.094108
0.996134 0.087851
0.996666 0.081591
0.997159 0.075327
0.997613 0.069060
0.998027 0.062791
0.998402 0.056519
0.998737 0.050244
0.999033 0.043968
0.999289 0.037690
0.999507 0.031411
0.999684 0.025130
0.999822 0.018848
0.999921 0.012566
0.999980 0.006283
1.000000 -0.000000
0.999980 -0.006283
0.999921 -0.012566
0.999822 -0.018848
0.999684 -0.025130
0.999507 -0.031411
0.999289 -0.037690
0.999033 -0.043968
0.998737 -0.050244
0.998402 -0.056519
0.998027 -0.062791
0.997613 -0.069060
0.997159 -0.075327
0.996666 -0.081591
0.996134 -0.087851
0.995562 -0.094108
0.994951 -0.100362
0.994301 -0.106611
0.993611 -0.112856
0.992883 -0.119097
0.992115 -0.125333
0.991308 -0.131564
0.990461 -0.137790
0.989576 -0.144011
0.988652 -0.150226
0.987688 -0.156434
0.986686 -0.162637
0.985645 -0.168833
0.984564 -0.175023
0.983445 -0.181206
0.982287 -0.187381
0.981091 -0.193549
0.979855 -0.199710
0.978581 -0.205863
0.977268 -0.212007
0.975917 -0.218143
0.974527 -0.224271
0.973099 -0.230389
0.971632 -0.236499
0.970127 -0.242599
0.968583 -0.248690
0.967001 -0.254771
0.965382 -0.260842
0.963724 -0.266902
0.962028 -0.272952
0.960294 -0.278991
0.958522 -0.285019
0.956712 -0.291036
0.954865 -0.297042
0.952979 -0.303035
0.951057 -0.309017
0.949096 -0.314987
0.947098 -0.320944
0.945063 -0.326888
0.942991 -0.332820
0.940881 -0.338738
0.938734 -0.344643
0.936550 -0.350534
0.934329 -0.356412
0.932071 -0.362275
0.929776 -0.368125
0.927445 -0.373959
0.925077 -0.379779
0.922673 -0.385584
0.920232 -0.391374
0.917755 -0.397148
0.915241 -0.402906
0.912692 -0.408649
0.910106 -0.414376
0.907484 -0.420086
0.904827 -0.425779
0.902134 -0.431456
0.899405 -0.437116
0.896641 -0.442758
0.893841 -0.448383
0.891007 -0.453990
0.888136 -0.459580
0.885231 -0.465151
0.882291 -0.470704
0.879316 -0.476238
0.876307 -0.481754
0.873262 -0.487250
0.870184 -0.492727
0.867071 -0.498185
0.863923 -0.503623
0.860742 -0.509041
0.857527 -0.514440
0.854277 -0.519817
0.850994 -0.525175
0.847678 -0.530511
0.844328 -0.535827
0.840945 -0.541121
0.837528 -0.546394
0.834078 -0.551646
0.830596 -0.556876
0.827081 -0.562083
0.823533 -0.567269
0.819952 -0.572432
0.816339 -0.577573
0.812694 -0.582690
0.809017 -0.587785
0.805308 -0.592857
0.801567 -0.597905
0.797794 -0.602930
0.793990 -0.607930
0.790155 -0.612907
0.786288 -0.617860
0.782391 -0.622788
0.778462 -0.627691
0.774503 -0.632570
0.770513 -0.637424
0.766493 -0.642253
0.762443 -0.647056
0.758362 -0.651834
0.754251 -0.656586
0.750111 -0.661312
0.745941 -0.666012
0.741742 -0.670686
0.737513 -0.675333
0.733255 -0.679953
0.728969 -0.684547
0.724653 -0.689114
0.720309 -0.693653
0.715936 -0.698165
0.711536 -0.702650
0.707107 -0.707107
0.702650 -0.711536
0.698165 -0.715936
0.693653 -0.720309
0.689114 -0.724653
0.684547 -0.728969
0.679953 -0.733255
0.675333 -0.737513
0.670686 -0.741742
0.666012 -0.745941
0.661312 -0.750111
0.656586 -0.754251
0.651834 -0.758362
0.647056 -0.762443
0.642253 -0.766493
0.637424 -0.770513
0.632570 -0.774503
0.627691 -0.778462
0.622788 -0.782391
0.617860 -0.786288
0.612907 -0.790155
0.607930 -0.793990
0.602930 -0.797794
0.597905 -0.801567
0.592857 -0.805308
0.587785 -0.809017
0.582690 -0.812694
0.577573 -0.816339
0.572432 -0.819952
0.567269 -0.823533
0.562083 -0.827081
0.556876 -0.830596
0.551646 -0.834078
0.546394 -0.837528
0.541121 -0.840945
0.535827 -0.844328
0.530511 -0.847678
0.525175 -0.850994
0.519817 -0.854277
0.514440 -0.857527
0.509041 -0.860742
0.503623 -0.863923
0.498185 -0.867071
0.492727 -0.870184
0.487250 -0.873262
0.481754 -0.876307
0.476238 -0.879316
0.470704 -0.882291
0.465151 -0.885231
0.459580 -0.888136
0.453990 -0.891007
0.448383 -0.893841
0.442758 -0.896641
0.437116 -0.899405
0.431456 -0.902134
0.425779 -0.904827
0.420086 -0.907484
0.414376 -0.910106
0.408649 -0.912692
0.402906 -0.915241
0.397148 -0.917755
0.391374 -0.920232
0.385584 -0.922673
0.379779 -0.925077
0.373959 -0.927445
0.368125 -0.929776
0.362275 -0.932071
0.356412 -0.934329
0.350534 -0.936550
0.344643 -0.938734
0.338738 -0.940881
0.332820 -0.942991
0.326888 -0.945063
0.320944 -0.947098
0.314987 -0.949096
0.309017 -0.951057
0.303035 -0.952979
0.297042 -0.954865
0.291036 -0.956712
0.285019 -0.958522
0.278991 -0.960294
0.272952 -0.962028
0.266902 -0.963724
0.260842 -0.965382
0.254771 -0.967001
0.248690 -0.968583
0.242599 -0.970127
0.236499 -0.971632
0.230389 -0.973099
0.224271 -0.974527
0.218143 -0.975917
0.212007 -0.977268
0.205863 -0.978581
0.199710 -0.979855
0.193549 -0.981091
0.187381 -0.982287
0.181206 -0.983445
0.175023 -0.984564
0.168833 -0.985645
0.162637 -0.986686
0.156434 -0.987688
0.150226 -0.988652
0.144011 -0.989576
0.137790 -0.990461
0.131564 -0.991308
0.125333 -0.992115
0.119097 -0.992883
0.112856 -0.993611
0.106611 -0.994301
0.100362 -0.994951
0.094108 -0.995562
0.087851 -0.996134
0.081591 -0.996666
0.075327 -0.997159
0.069060 -0.997613
0.062791 -0.998027
0.056519 -0.998402
0.050244 -0.998737
0.043968 -0.999033
0.037690 -0.999289
0.031411 -0.999507
0.025130 -0.999684
0.018848 -0.999822
0.012566 -0.999921
0.006283 -0.999980
-0.000000 -1.000000
-0.006283 -0.999980
-0.012566 -0.999921
-0.018848 -0.999822
-0.025130 -0.999684
-0.031411 -0.999507
-0.037690 -0.999289
-0.043968 -0.999033
-0.050244 -0.998737
-0.056519 -0.998402
-0.062791 -0.998027
-0.069060 -0.997613
-0.075327 -0.997159
-0.081591 -0.996666
-0.087851 -0.996134
-0.094108 -0.995562
-0.100362 -0.994951
-0.106611 -0.994301
-0.112856 -0.993611
-0.119097 -0.992883
-0.125333 -0.992115
-0.131564 -0.991308
-0.137790 -0.990461
-0.144011 -0.989576
-0.150226 -0.988652
-0.156434 -0.987688
-0.162637 -0.986686
-0.168833 -0.985645
-0.175023 -0.984564
-0.181206 -0.983445
-0.187381 -0.982287
-0.193549 -0.981091
-0.199710 -0.979855
-0.205863 -0.978581
-0.212007 -0.977268
-0.218143 -0.975917
-0.224271 -0.974527
-0.230389 -0.973099
-0.236499 -0.971632
-0.242599 -0.970127
-0.248690 -0.968583
-0.254771 -0.967001
-0.260842 -0.965382
-0.266902 -0.963724
-0.272952 -0.962028
-0.278991 -0.960294
-0.285019 -0.958522
-0.291036 -0.956712
-0.297042 -0.954865
-0.303035 -0.952979
-0.309017 -0.951057
-0.314987 -0.949096
-0.320944 -0.947098
-0.326888 -0.945063
-0.332820 -0.942991
-0.338738 -0.940881
-0.344643 -0.938734
-0.350534 -0.936550
-0.356412 -0.934329
-0.362275 -0.932071
-0.368125 -0.929776
-0.373959 -0.927445
-0.379779 -0.925077
-0.385584 -0.922673
-0.391374 -0.920232
-0.397148 -0.917755
-0.402906 -0.915241
-0.408649 -0.912692
-0.414376 -0.910106
-0.420086 -0.907484
-0.425779 -0.904827
-0.431456 -0.902134
-0.437116 -0.899405
-0.442758 -0.896641
-0.448383 -0.893841
-0.453990 -0.891007
-0.459580 -0.888136
-0.465151 -0.885231
-0.470704 -0.882291
-0.476238 -0.879316
-0.481754 -0.876307
-0.487250 -0.873262
-0.492727 -0.870184
-0.498185 -0.867071
-0.503623 -0.863923
-0.509041 -0.860742
-0.514440 -0.857527
-0.519817 -0.854277
-0.525175 -0.850994
-0.530511 -0.847678
-0.535827 -0.844328
-0.541121 -0.840945
-0.546394 -0.837528
-0.551646 -0.834078
-0.556876 -0.830596
-0.562083 -0.827081
-0.567269 -0.823533
-0.572432 -0.819952
-0.577573 -0.816339
-0.582690 -0.812694
-0.587785 -0.809017
-0.592857 -0.805308
-0.597905 -0.801567
-0.602930 -0.797794
-0.607930 -0.793990
-0.612907 -0.790155
-0.617860 -0.786288
-0.622788 -0.782391
-0.627691 -0.778462
-0.632570 -0.774503
-0.637424 -0.770513
-0.642253 -0.766493
-0.647056 -0.762443
-0.651834 -0.758362
-0.656586 -0.754251
-0.661312 -0.750111
-0.666012 -0.745941
-0.670686 -0.741742
-0.675333 -0.737513
-0.679953 -0.733255
-0.684547 -0.728969
-0.689114 -0.724653
-0.693653 -0.720309
-0.698165 -0.715936
-0.702650 -0.711536
-0.707107 -0.707107
-0.711536 -0.702650
-0.715936 -0.698165
-0.720309 -0.693653
-0.724653 -0.689114
-0.728969 -0.684547
-0.733255 -0.679953
-0.737513 -0.675333
-0.741742 -0.670686
-0.745941 -0.666012
-0.750111 -0.661312
-0.754251 -0.656586
-0.758362 -0.651834
-0.762443 -0.647056
-0.766493 -0.642253
-0.770513 -0.637424
-0.774503 -0.632570
-0.778462 -0.627691
-0.782391 -0.622788
-0.786288 -0.617860
-0.790155 -0.612907
-0.793990 -0.607930
-0.797794 -0.602930
-0.801567 -0.597905
-0.805308 -0.592857
-0.809017 -0.587785
-0.812694 -0.582690
-0.816339 -0.577573
-0.819952 -0.572432
-0.823533 -0.567269
-0.827081 -0.562083
-0.830596 -0.556876
-0.834078 -0.551646
-0.837528 -0.546394
-0.840945 -0.541121
-0.844328 -0.535827
-0.847678 -0.530511
-0.850994 -0.525175
-0.854277 -0.519817
-0.857527 -0.514440
-0.860742 -0.509041
-0.863923 -0.503623
-0.867071 -0.498185
-0.870184 -0.492727
-0.873262 -0.487250
-0.876307 -0.481754
-0.879316 -0.476238
-0.882291 -0.470704
-0.885231 -0.465151
-0.888136 -0.459580
-0.891007 -0.453990
-0.893841 -0.448383
-0.896641 -0.442758
-0.899405 -0.437116
-0.902134 -0.431456
-0.904827 -0.425779
-0.907484 -0.420086
-0.910106 -0.414376
-0.912692 -0.408649
-0.915241 -0.402906
-0.917755 -0.397148
-0.920232 -0.391374
-0.922673 -0.385584
-0.925077 -0.379779
-0.927445 -0.373959
-0.929776 -0.368125
-0.932071 -0.362275
-0.934329 -0.356412
-0.936550 -0.350534
-0.938734 -0.344643
-0.940881 -0.338738
-0.942991 -0.332820
-0.945063 -0.326888
-0.947098 -0.320944
-0.949096 -0.314987
-0.951057 -0.309017
-0.952979 -0.303035
-0.954865 -0.297042
-0.956712 -0.291036
-0.958522 -0.285019
-0.960294 -0.278991
-0.962028 -0.272952
-0.963724 -0.266902
-0.965382 -0.260842
-0.967001 -0.254771
-0.968583 -0.248690
-0.970127 -0.242599
-0.971632 -0.236499
-0.973099 -0.230389
-0.974527 -0.224271
-0.975917 -0.218143
-0.977268 -0.212007
-0.978581 -0.205863
-0.979855 -0.199710
-0.981091 -0.193549
-0.982287 -0.187381
-0.983445 -0.181206
-0.984564 -0.175023
-0.985645 -0.168833
-0.986686 -0.162637
-0.987688 -0.156434
-0.988652 -0.150226
-0.989576 -0.144011
-0.990461 -0.137790
-0.991308 -0.131564
-0.992115 -0.125333
-0.992883 -0.119097
-0.993611 -0.112856
-0.994301 -0.106611
-0.994951 -0.100362
-0.995562 -0.094108
-0.996134 -0.087851
-0.996666 -0.081591
-0.997159 -0.075327
-0.997613 -0.069060
-0.998027 -0.062791
-0.998402 -0.056519
-0.998737 -0.050244
-0.999033 -0.043968
-0.999289 -0.037690
-0.999507 -0.031411
-0.999684 -0.025130
-0.999822 -0.018848
-0.999921 -0.012566
-0.999980 -0.006283
-1.000000 0.000000
-0.999980 0.006283
-0.999921 0.012566
-0.999822 0.018848
-0.999684 0.025130
-0.999507 0.031411
-0.999289 0.037690
-0.999033 0.043968
-0.998737 0.050244
-0.998402 0.056519
-0.998027 0.062791
-0.997613 0.069060
-0.997159 0.075327
-0.996666 0.081591
-0.996134 0.087851
-0.995562 0.094108
-0.994951 0.100362
-0.994301 0.106611
-0.993611 0.112856
-0.992883 0.119097
-0.992115 0.125333
-0.991308 0.131564
-0.990461 0.137790
-0.989576 0.144011
-0.988652 0.150226
-0.987688 0.156434
-0.986686 0.162637
-0.985645 0.168833
-0.984564 0.175023
-0.983445 0.181206
-0.982287 0.187381
-0.981091 0.193549
-0.979855 0.199710
-0.978581 0.205863
-0.977268 0.212007
-0.975917 0.218143
-0.974527 0.224271
-0.973099 0.230389
-0.971632 0.236499
-0.970127 0.242599
-0.968583 0.248690
-0.967001 0.254771
-0.965382 0.260842
-0.963724 0.266902
-0.962028 0.272952
-0.960294 0.278991
-0.958522 0.285019
-0.956712 0.291036
-0.954865 0.297042
-0.952979 0.303035
-0.951057 0.309017
-0.949096 0.314987
-0.947098 0.320944
-0.945063 0.326888
-0.942991 0.332820
-0.940881 0.338738
-0.938734 0.344643
-0.936550 0.350534
-0.934329 0.356412
-0.932071 0.362275
-0.929776 0.368125
-0.927445 0.373959
-0.925077 0.379779
-0.922673 0.385584
-0.920232 0.391374
-0.917755 0.397148
-0.915241 0.402906
-0.912692 0.408649
-0.910106 0.414376
-0.907484 0.420086
-0.904827 0.425779
-0.902134 0.431456
-0.899405 0.437116
-0.896641 0.442758
-0.893841 0.448383
-0.891007 0.453990
-0.888136 0.459580
-0.885231 0.465151
-0.882291 0.470704
-0.879316 0.476238
-0.876307 0.481754
-0.873262 0.487250
-0.870184 0.492727
-0.867071 0.498185
-0.863923 0.503623
-0.860742 0.509041
-0.857527 0.514440
-0.854277 0.519817
-0.850994 0.525175
-0.847678 0.530511
-0.844328 0.535827
-0.840945 0.541121
-0.837528 0.546394
-0.834078 0.551646
-0.830596 0.556876
-0.827081 0.562083
-0.823533 0.567269
-0.819952 0.572432
-0.816339 0.577573
-0.812694 0.582690
-0.809017 0.587785
-0.805308 0.592857
-0.801567 0.597905
-0.797794 0.602930
-0.793990 0.607930
-0.790155 0.612907
-0.786288 0.617860
-0.782391 0.622788
-0.778462 0.627691
-0.774503 0.632570
-0.770513 0.637424
-0.766493 0.642253
-0.762443 0.647056
-0.758362 0.651834
-0.754251 0.656586
-0.750111 0.661312
-0.745941 0.666012
-0.741742 0.670686
-0.737513 0.675333
-0.733255 0.679953
-0.728969 0.684547
-0.724653 0.689114
-0.720309 0.693653
-0.715936 0.698165
-0.711536 0.702650
-0.707107 0.707107
-0.702650 0.711536
-0.698165 0.715936
-0.693653 0.720309
-0.689114 0.724653
-0.684547 0.728969
-0.679953 0.733255
-0.675333 0.737513
-0.670686 0.741742
-0.666012 0.745941
-0.661312 0.750111
-0.656586 0.754251
-0.651834 0.758362
-0.647056 0.762443
-0.642253 0.766493
-0.637424 0.770513
-0.632570 0.774503
-0.627691 0.778462
-0.622788 0.782391
-0.617860 0.786288
-0.612907 0.790155
-0.607930 0.793990
-0.602930 0.797794
-0.597905 0.801567
-0.592857 0.805308
-0.587785 0.809017
-0.582690 0.812694
-0.577573 0.816339
-0.572432 0.819952
-0.567269 0.823533
-0.562083 0.827081
-0.556876 0.830596
-0.551646 0.834078
-0.546394 0.837528
-0.541121 0.840945
-0.535827 0.844328
-0.530511 0.847678
-0.525175 0.850994
-0.519817 0.854277
-0.514440 0.857527
-0.509041 0.860742
-0.503623 0.863923
-0.498185 0.867071
-0.492727 0.870184
-0.487250 0.873262
-0.481754 0.876307
-0.476238 0.879316
-0.470704 0.882291
-0.465151 0.885231
-0.459580 0.888136
-0.453990 0.891007
-0.448383 0.893841
-0.442758 0.896641
-0.437116 0.899405
-0.431456 0.902134
-0.425779 0.904827
-0.420086 0.907484
-0.414376 0.910106
-0.408649 0.912692
-0.402906 0.915241
-0.397148 0.917755
-0.391374 0.920232
-0.385584 0.922673
-0.379779 0.925077
-0.373959 0.927445
-0.368125 0.929776
-0.362275 0.932071
-0.356412 0.934329
-0.350534 0.936550
-0.344643 0.938734
-0.338738 0.940881
-0.332820 0.942991
-0.326888 0.945063
-0.320944 0.947098
-0.314987 0.949096
-0.309017 0.951057
-0.303035 0.952979
-0.297042 0.954865
-0.291036 0.956712
-0.285019 0.958522
-0.278991 0.960294
-0.272952 0.962028
-0.266902 0.963724
-0.260842 0.965382
-0.254771 0.967001
-0.248690 0.968583
-0.242599 0.970127
-0.236499 0.971632
-0.230389 0.973099
-0.224271 0.974527
-0.218143 0.975917
-0.212007 0.977268
-0.205863 0.978581
-0.199710 0.979855
-0.193549 0.981091
-0.187381 0.982287
-0.181206 0.983445
-0.175023 0.984564
-0.168833 0.985645
-0.162637 0.986686
-0.156434 0.987688
-0.150226 0.988652
-0.144011 0.989576
-0.137790 0.990461
-0.131564 0.991308
-0.125333 0.992115
-0.119097 0.992883
-0.112856 0.993611
-0.106611 0.994301
-0.100362 0.994951
-0.094108 0.995562
-0.087851 0.996134
-0.081591 0.996666
-0.075327 0.997159
-0.069060 0.997613
-0.062791 0.998027
-0.056519 0.998402
-0.050244 0.998737
-0.043968 0.999033
-0.037690 0.999289
-0.031411 0.999507
-0.025130 0.999684
-0.018848 0.999822
-0.012566 0.999921
-0.006283 0.999980
