10.000000 0
20.000000 1
30.000000 1
40.000000 1
50.000000 53
60.000000 83
70.000000 5
80.000000 1
90.000000 8
100.000000 11
110.000000 5
120.000000 2
130.000000 1
140.000000 0
150.000000 0
160.000000 0
170.000000 1
180.000000 0
190.000000 0
200.000000 0
210.000000 0
220.000000 0
230.000000 0
240.000000 0
250.000000 0
260.000000 0
270.000000 0
280.000000 0
290.000000 0
300.000000 0
310.000000 0
320.000000 0
330.000000 0
340.000000 0
350.000000 0
360.000000 0
370.000000 0
380.000000 0
390.000000 0
400.000000 0
410.000000 0
420.000000 0
430.000000 0
440.000000 0
450.000000 0
460.000000 0
470.000000 0
480.000000 0
490.000000 0
500.000000 0
510.000000 0
520.000000 0
530.000000 0
540.000000 0
550.000000 0
560.000000 0
570.000000 0
580.000000 0
590.000000 0
600.000000 0
610.000000 0
620.000000 0
630.000000 0
640.000000 0
650.000000 0
660.000000 0
670.000000 0
680.000000 0
690.000000 0
700.000000 0
710.000000 0
720.000000 0
730.000000 0
740.000000 0
750.000000 0
760.000000 0
770.000000 0
780.000000 0
790.000000 0
800.000000 0
810.000000 0
820.000000 0
830.000000 0
840.000000 0
850.000000 0
860.000000 0
870.000000 0
880.000000 0
890.000000 0
900.000000 0
910.000000 0
920.000000 0
930.000000 1
940.000000 1
950.000000 0
960.000000 0
970.000000 0
980.000000 1
990.000000 0
1000.000000 0
1010.000000 0
1020.000000 0
1030.000000 0
1040.000000 0
1050.000000 0
1060.000000 1
