1.000000 16786019
2.000000 10809750
3.000000 9497522
4.000000 9357812
5.000000 9769588
6.000000 31230847
7.000000 9819763
8.000000 10984162
9.000000 10706446
10.000000 9018558
11.000000 10373357
12.000000 11178804
13.000000 9686378
14.000000 9259126
15.000000 10234949
16.000000 9355870
17.000000 9175043
18.000000 12149080
19.000000 8420393
20.000000 8784103
21.000000 8876178
22.000000 8831946
23.000000 13988957
24.000000 9828460
25.000000 9609169
26.000000 8398831
27.000000 9320002
28.000000 11314896
29.000000 8474509
30.000000 8958096
31.000000 7952488
32.000000 9640774
33.000000 11039381
34.000000 13803333
35.000000 9158718
36.000000 12525132
37.000000 17003683
38.000000 9280711
39.000000 9585623
40.000000 8935234
41.000000 9938560
42.000000 10512941
43.000000 13173642
44.000000 9726498
45.000000 11317998
46.000000 9120717
47.000000 10162876
48.000000 8693064
49.000000 8170405
50.000000 9639746
51.000000 8686601
52.000000 12810796
53.000000 9440359
54.000000 8985863
55.000000 10864229
56.000000 7958900
57.000000 8993507
58.000000 8375987
59.000000 8969399
60.000000 9405839
61.000000 9889295
62.000000 8943041
63.000000 9255720
64.000000 8878205
65.000000 9559157
66.000000 9010148
67.000000 8521437
68.000000 16617947
69.000000 10185418
70.000000 8513581
71.000000 8343780
72.000000 8136231
73.000000 8588928
74.000000 8387526
75.000000 7763642
76.000000 11758826
77.000000 15881523
78.000000 8596805
79.000000 8847080
80.000000 8952919
81.000000 8621605
82.000000 8611083
83.000000 9370915
84.000000 9516151
85.000000 9138117
86.000000 9409519
87.000000 8128791
88.000000 8950439
89.000000 9543355
90.000000 9086039
91.000000 9175417
92.000000 9867477
93.000000 8030339
94.000000 7733135
95.000000 8873908
96.000000 7756071
97.000000 7615013
98.000000 9024794
99.000000 8934543
100.000000 8976578
101.000000 7602938
102.000000 7591866
103.000000 8048946
104.000000 7569182
105.000000 7377358
106.000000 7769704
107.000000 7470073
108.000000 7099619
109.000000 7188015
110.000000 8128083
111.000000 7676533
112.000000 8108460
113.000000 8560001
114.000000 9318232
115.000000 7601649
116.000000 7979167
117.000000 17709913
118.000000 12300522
119.000000 9114894
120.000000 12445247
121.000000 516821275
122.000000 26241981
123.000000 8506547
124.000000 8476073
125.000000 8082871
126.000000 8088795
127.000000 8196514
128.000000 8047461
129.000000 8140911
130.000000 8284443
131.000000 7406471
132.000000 8240280
133.000000 8055898
134.000000 7316366
135.000000 7519647
136.000000 8367696
137.000000 7761255
138.000000 7494110
139.000000 8901144
140.000000 7426377
141.000000 8292852
142.000000 7462428
143.000000 7502514
144.000000 8271393
145.000000 8500496
146.000000 9233058
147.000000 8224216
148.000000 7519705
149.000000 7589517
150.000000 8894603
151.000000 8132420
152.000000 8708449
153.000000 8536416
154.000000 12050204
155.000000 14158897
156.000000 8161972
157.000000 9662968
158.000000 8167177
159.000000 8419219
160.000000 8523973
161.000000 7751984
162.000000 8356710
163.000000 9134854
164.000000 8222174
165.000000 9314761
166.000000 8053578
167.000000 7539189
168.000000 7670796
169.000000 7339422
170.000000 7014280
171.000000 7968035
172.000000 7547202
173.000000 7957783
174.000000 7753580
175.000000 7561932
176.000000 7077450
177.000000 7080348
178.000000 6903661
179.000000 8605637
180.000000 7914133
181.000000 7821164
182.000000 7290973
183.000000 7067257
184.000000 7140459
185.000000 7891387
186.000000 8963806
187.000000 7550897
188.000000 7662214
189.000000 7380754
190.000000 9348692
191.000000 7887718
192.000000 8697077
193.000000 13803479
194.000000 11561159
195.000000 7911989
196.000000 7524788
197.000000 7800020
198.000000 8032305
199.000000 7598872
200.000000 8212074
201.000000 9005659
202.000000 7997933
203.000000 8898574
204.000000 8453446
205.000000 6935234
206.000000 7400612
207.000000 7504864
208.000000 7277301
209.000000 7106639
210.000000 6527570
211.000000 6460255
212.000000 6808649
213.000000 6641667
214.000000 7524644
215.000000 7515954
216.000000 7596293
217.000000 6632974
218.000000 6798085
219.000000 6510269
220.000000 6597312
221.000000 7798445
222.000000 7139535
223.000000 7102721
224.000000 7048009
225.000000 6827884
226.000000 7047088
227.000000 7903264
228.000000 7687938
229.000000 7521094
230.000000 7756043
231.000000 7766466
232.000000 7447519
233.000000 7410046
234.000000 9807250
235.000000 8061675
236.000000 8044260
237.000000 7326748
238.000000 7251509
239.000000 8344899
240.000000 6926302
241.000000 7183397
242.000000 7461243
243.000000 7918578
244.000000 7647806
245.000000 7535600
246.000000 7855990
247.000000 8162156
248.000000 7498492
249.000000 7303854
250.000000 7406610
251.000000 7401335
252.000000 7663512
253.000000 7413844
254.000000 7797389
255.000000 10275785
256.000000 7566461
257.000000 7443466
258.000000 7071874
259.000000 7771696
260.000000 7028974
261.000000 7106198
262.000000 7113531
263.000000 7834888
264.000000 6977699
265.000000 7295137
266.000000 6921055
267.000000 6860223
268.000000 6708015
269.000000 6677943
270.000000 7090703
271.000000 6989822
272.000000 6823838
273.000000 7058336
274.000000 7247635
275.000000 6847216
276.000000 7374011
277.000000 7989528
278.000000 7367706
279.000000 7135191
280.000000 6810368
281.000000 6979972
282.000000 7148976
283.000000 7100969
284.000000 6788261
285.000000 6683869
286.000000 6661458
287.000000 6694156
288.000000 6654132
289.000000 6964561
290.000000 6878110
291.000000 7014296
292.000000 6755274
293.000000 6614659
294.000000 6746095
295.000000 7412678
296.000000 6951508
297.000000 7115065
298.000000 7748845
299.000000 6865394
300.000000 7539397
301.000000 6721007
302.000000 6608206
303.000000 7307491
304.000000 6783917
305.000000 7563586
306.000000 7288569
307.000000 7609300
308.000000 6857602
309.000000 6738330
310.000000 6724671
311.000000 7113056
312.000000 6725054
313.000000 6720141
314.000000 6702211
315.000000 7385318
316.000000 6644628
317.000000 6676625
318.000000 6758829
319.000000 6780518
320.000000 6798973
321.000000 7722988
322.000000 6641240
323.000000 6658845
324.000000 6774146
325.000000 6967404
326.000000 6711011
327.000000 6751184
328.000000 6727799
329.000000 6978568
330.000000 6672426
331.000000 6668562
332.000000 7056015
333.000000 6673057
334.000000 6669452
335.000000 6718625
336.000000 6671937
337.000000 7046700
338.000000 6645973
339.000000 6776283
340.000000 6872874
341.000000 6845071
342.000000 7163312
343.000000 7014272
344.000000 7460287
345.000000 6708779
346.000000 6758906
347.000000 6889192
348.000000 7280018
349.000000 7111441
350.000000 7094881
351.000000 7120893
352.000000 7177712
353.000000 6968294
354.000000 7555460
355.000000 7037685
356.000000 7111326
357.000000 7359452
358.000000 7091870
359.000000 7247853
360.000000 7690320
361.000000 7577329
362.000000 7593977
363.000000 7201925
364.000000 7102429
365.000000 7144255
366.000000 7307380
367.000000 6992806
368.000000 6945811
369.000000 7094685
370.000000 6772707
371.000000 7034523
372.000000 6852368
373.000000 8189367
374.000000 6821400
375.000000 7008235
376.000000 6739588
377.000000 6896916
378.000000 6909308
379.000000 6948140
380.000000 6906945
381.000000 7322235
382.000000 7002786
383.000000 6959405
384.000000 7103360
385.000000 6993589
386.000000 7029081
387.000000 7004477
388.000000 6769893
389.000000 6541513
390.000000 7000687
391.000000 6746221
392.000000 7161391
393.000000 6633857
394.000000 6930499
395.000000 6444502
396.000000 6459034
397.000000 6698658
398.000000 7337490
399.000000 6358819
400.000000 6314851
401.000000 6326046
402.000000 6359311
403.000000 6299639
404.000000 6362147
405.000000 6281388
406.000000 6626725
407.000000 6634110
408.000000 6299810
409.000000 6298329
410.000000 6287663
411.000000 6388627
412.000000 6201608
413.000000 6914349
414.000000 7355166
415.000000 7241654
416.000000 7154130
417.000000 7188352
418.000000 7177703
419.000000 6916508
420.000000 6747352
421.000000 7026873
422.000000 6640294
423.000000 6271029
424.000000 6332179
425.000000 6584716
426.000000 6768170
427.000000 7099484
428.000000 6718449
429.000000 6803821
430.000000 6813004
431.000000 6708828
432.000000 6766510
433.000000 6899949
434.000000 7798143
435.000000 6966209
436.000000 8715281
437.000000 7021112
438.000000 6785084
439.000000 6757550
440.000000 6712296
441.000000 6952650
442.000000 7311731
443.000000 6887056
444.000000 6752046
445.000000 6651942
446.000000 6663018
447.000000 6690006
448.000000 6669156
449.000000 6669511
450.000000 6941863
451.000000 6790001
452.000000 7073796
453.000000 6705820
454.000000 6750135
455.000000 8102984
456.000000 6914221
457.000000 6817179
458.000000 6908965
459.000000 6868430
460.000000 6681325
461.000000 6867327
462.000000 6563875
463.000000 7223690
464.000000 8319627
465.000000 7065942
466.000000 9630495
467.000000 7099053
468.000000 7087738
469.000000 7012859
470.000000 7166312
471.000000 7903631
472.000000 8762067
473.000000 8185186
474.000000 7427763
475.000000 6980896
476.000000 6822191
477.000000 6776448
478.000000 6739411
479.000000 6784118
480.000000 6733665
481.000000 6829889
482.000000 6767611
483.000000 6914455
484.000000 6916566
485.000000 6866883
486.000000 7040536
487.000000 6943817
488.000000 7105305
489.000000 6955837
490.000000 7007646
491.000000 7306353
492.000000 7277971
493.000000 7530038
494.000000 6723463
495.000000 6945523
496.000000 7330056
497.000000 8018188
498.000000 8853572
499.000000 8152825
500.000000 7150087
501.000000 7600753
502.000000 35936961
503.000000 41081591
504.000000 21110204
505.000000 23784612
506.000000 93478497
507.000000 37672166
508.000000 32720811
509.000000 176904814
510.000000 145743715
511.000000 107365839
512.000000 33403390
513.000000 391383264
514.000000 697346184
515.000000 283854348
516.000000 133395977
517.000000 50611836
518.000000 27575333
519.000000 20560957
520.000000 20188456
521.000000 10721778
522.000000 7602199
523.000000 5784029
524.000000 5264227
525.000000 5387326
526.000000 7154976
527.000000 15396504
528.000000 14162909
529.000000 14070401
530.000000 9440677
531.000000 8556883
532.000000 10820839
533.000000 10450229
534.000000 8854667
535.000000 7768175
536.000000 7955749
537.000000 12698610
538.000000 19753462
539.000000 29096347
540.000000 52921137
541.000000 42932189
542.000000 32478219
543.000000 95068461
544.000000 104006358
545.000000 54527243
546.000000 41859771
547.000000 37294774
548.000000 18449763
549.000000 13165657
550.000000 7045334
551.000000 6414457
552.000000 5442371
553.000000 5446403
554.000000 6041026
555.000000 5390600
556.000000 5009197
557.000000 4823414
558.000000 4798569
559.000000 4878042
560.000000 6141340
561.000000 8840882
562.000000 7393217
563.000000 5449942
564.000000 5122652
565.000000 4844443
566.000000 4804426
567.000000 4827268
568.000000 4723258
569.000000 4763607
570.000000 4941402
571.000000 5190685
572.000000 5098729
573.000000 5095910
574.000000 4908738
575.000000 5063329
576.000000 4719930
577.000000 4624526
578.000000 4598162
579.000000 4555651
580.000000 4553535
581.000000 4540051
582.000000 4545277
583.000000 4530338
584.000000 4745950
585.000000 4582536
586.000000 4594795
587.000000 4583868
588.000000 4761281
589.000000 4620790
590.000000 4932620
591.000000 4685356
592.000000 5426198
593.000000 9304386
594.000000 9462254
595.000000 7285400
596.000000 5618495
597.000000 5476239
598.000000 5562098
599.000000 6013186
600.000000 10990886
601.000000 10025796
602.000000 7195298
603.000000 6398759
604.000000 5632197
605.000000 5534140
606.000000 5732619
607.000000 5250658
608.000000 4870078
609.000000 4766055
610.000000 4754418
611.000000 4695511
612.000000 4675534
613.000000 4710681
614.000000 4719266
615.000000 4923462
616.000000 5037062
617.000000 4868381
618.000000 4989068
619.000000 5052483
620.000000 5066030
621.000000 5008533
622.000000 5238099
623.000000 4866654
624.000000 4941563
625.000000 5211995
626.000000 5239507
627.000000 5461791
628.000000 5253559
629.000000 4988463
630.000000 5741987
631.000000 11169414
632.000000 7400371
633.000000 6052663
634.000000 6227933
635.000000 5575958
636.000000 5880546
637.000000 5487820
638.000000 5592152
639.000000 5347021
640.000000 5511001
641.000000 5209398
642.000000 5422614
643.000000 7771027
644.000000 5191286
645.000000 6144129
646.000000 5409297
647.000000 4996613
648.000000 5100503
649.000000 5060688
650.000000 4839095
651.000000 4868187
652.000000 4932802
653.000000 4946639
654.000000 4982750
655.000000 4864368
656.000000 4888785
657.000000 4750805
658.000000 5057054
659.000000 4880119
660.000000 5511438
661.000000 5360213
662.000000 4818485
663.000000 5232877
664.000000 5112817
665.000000 5057601
666.000000 4941794
667.000000 5411974
668.000000 4831555
669.000000 4873725
670.000000 5521924
671.000000 5553073
672.000000 5026829
673.000000 6326324
674.000000 5623757
675.000000 5362194
676.000000 5281776
677.000000 6992627
678.000000 6871690
679.000000 5914681
680.000000 5600922
681.000000 5355685
682.000000 5337008
683.000000 6209089
684.000000 5114935
685.000000 5059737
686.000000 5535266
687.000000 4807433
688.000000 5041224
689.000000 6910193
690.000000 8065899
691.000000 5785328
692.000000 5393811
693.000000 5265532
694.000000 5228773
695.000000 5805853
696.000000 8269872
697.000000 5737802
698.000000 4997337
699.000000 5564934
700.000000 5227462
701.000000 5483891
702.000000 5078134
703.000000 5446963
704.000000 5967537
705.000000 5788934
706.000000 6609742
707.000000 5298932
708.000000 6231476
709.000000 5785600
710.000000 5570011
711.000000 6120494
712.000000 5751453
713.000000 5015171
714.000000 5556901
715.000000 6127832
716.000000 4929686
717.000000 5077896
718.000000 5433480
719.000000 5330990
720.000000 6111479
721.000000 7158082
722.000000 8308965
723.000000 7622955
724.000000 5614398
725.000000 6586879
726.000000 5661147
727.000000 5756722
728.000000 5982204
729.000000 21684476
730.000000 6437029
731.000000 6738394
732.000000 7417167
733.000000 6614546
734.000000 5320978
735.000000 5128044
736.000000 6621405
737.000000 8052557
738.000000 5938465
739.000000 6086292
740.000000 6246684
741.000000 7350729
742.000000 6619439
743.000000 5736343
744.000000 9094798
745.000000 8442861
746.000000 5584750
747.000000 5264731
748.000000 6273598
749.000000 6509275
750.000000 5453747
751.000000 5901570
752.000000 6605528
753.000000 5736734
754.000000 5914096
755.000000 5886445
756.000000 5654899
757.000000 6506915
758.000000 5935082
759.000000 6758118
760.000000 7859850
761.000000 5291111
762.000000 5279499
763.000000 6520009
764.000000 5639014
765.000000 7216699
766.000000 5269843
767.000000 6094121
768.000000 5871020
769.000000 5752928
770.000000 6867392
771.000000 6214553
772.000000 6363265
773.000000 6327212
774.000000 9223087
775.000000 7630853
776.000000 6737134
777.000000 7500451
778.000000 6412520
779.000000 7187870
780.000000 6405014
781.000000 5575112
782.000000 5633058
783.000000 7142447
784.000000 6913395
785.000000 7161764
786.000000 6938500
787.000000 7153501
788.000000 11249580
789.000000 9421948
790.000000 6508920
791.000000 7256912
792.000000 6483566
793.000000 7602786
794.000000 9555486
795.000000 6298810
796.000000 6740178
797.000000 7776794
798.000000 7190330
799.000000 6495902
800.000000 6295956
801.000000 8154309
802.000000 6902580
803.000000 5771196
804.000000 8204555
805.000000 7465716
806.000000 10101436
807.000000 8323154
808.000000 9507066
809.000000 8584902
810.000000 11208631
811.000000 6569592
812.000000 8024964
813.000000 6633096
814.000000 8131794
815.000000 7707388
816.000000 9636497
817.000000 8204335
818.000000 11082114
819.000000 7359733
820.000000 6861418
821.000000 13198075
822.000000 9945362
823.000000 11856617
824.000000 13856626
825.000000 8975577
826.000000 8978152
827.000000 8130748
828.000000 6865681
829.000000 9226618
830.000000 7408486
831.000000 8522943
832.000000 7425259
833.000000 8273104
834.000000 9498460
835.000000 6450451
836.000000 7787913
837.000000 7429490
838.000000 8105841
839.000000 11361442
840.000000 7984015
841.000000 11375018
842.000000 8728298
843.000000 8568334
844.000000 8195441
845.000000 10598773
846.000000 8675253
847.000000 125298299
848.000000 19269024
849.000000 32941411
850.000000 9995747
851.000000 16619689
852.000000 11452670
853.000000 11598402
854.000000 24935745
855.000000 27696738
856.000000 9052939
857.000000 82482319
858.000000 8441958
859.000000 73737517
860.000000 144444539
861.000000 76877468
862.000000 144496545
863.000000 12199775
864.000000 9853076
865.000000 24465406
866.000000 54141187
867.000000 16926281
868.000000 12318912
869.000000 11932973
870.000000 11257311
871.000000 13002838
872.000000 39408913
873.000000 15782030
874.000000 12631516
875.000000 11237477
876.000000 15291076
877.000000 11367808
878.000000 14987321
879.000000 9027485
880.000000 10218889
881.000000 10130251
882.000000 10696110
883.000000 9010936
884.000000 11003264
885.000000 9698969
886.000000 8986435
887.000000 13946344
888.000000 9401189
889.000000 10243798
890.000000 8802821
891.000000 9604181
892.000000 9602565
893.000000 13771128
894.000000 13123989
895.000000 11764099
896.000000 10199615
897.000000 13183961
898.000000 10536547
899.000000 13824608
900.000000 170031780
