10.000000 127980467
20.000000 98617103
30.000000 97601044
40.000000 108925077
50.000000 100456447
60.000000 94491480
70.000000 99373949
80.000000 95257260
90.000000 90376014
100.000000 85987275
110.000000 75845784
120.000000 100814618
130.000000 608886871
140.000000 78489244
150.000000 81490782
160.000000 94521695
170.000000 80397748
180.000000 76369761
190.000000 78117603
200.000000 89029481
210.000000 77107832
220.000000 69086102
230.000000 73832021
240.000000 78386674
250.000000 75973726
260.000000 77434336
270.000000 70585392
280.000000 71643651
290.000000 68554464
300.000000 70763211
310.000000 70202679
320.000000 68305353
330.000000 68605611
340.000000 67799478
350.000000 70326159
360.000000 72360865
370.000000 71733304
380.000000 70306790
390.000000 69727026
400.000000 67085322
410.000000 63775168
420.000000 69285449
430.000000 67058019
440.000000 71130962
450.000000 68188979
460.000000 69612856
470.000000 74036918
480.000000 73115376
490.000000 69348545
500.000000 75288076
510.000000 616034124
520.000000 1765685584
530.000000 94985026
540.000000 168876098
550.000000 446827769
560.000000 54385419
570.000000 55711097
580.000000 48409195
590.000000 46437506
600.000000 69824498
610.000000 60160018
620.000000 48737478
630.000000 51952151
640.000000 64244879
650.000000 55144650
660.000000 49682947
670.000000 51162965
680.000000 58553873
690.000000 57436469
700.000000 57276704
710.000000 57261220
720.000000 55455382
730.000000 80812857
740.000000 64164532
750.000000 66330271
760.000000 62759237
770.000000 59801636
780.000000 70001959
790.000000 73698225
800.000000 71696720
810.000000 84223545
820.000000 80210931
830.000000 98441942
840.000000 82838918
850.000000 243645598
860.000000 410462516
870.000000 374468934
880.000000 152955353
890.000000 101920117
900.000000 275642473
