0.000000 127980467
0.000000 98617103
0.000000 97601044
0.000000 108925077
0.000000 100456447
0.000000 94491480
0.000000 99373949
0.000000 95257260
0.000000 90376014
0.000000 85987275
0.000000 75845784
0.000000 100814618
0.000000 608886871
0.000000 78489244
0.000000 81490782
0.000000 94521695
0.000000 80397748
0.000000 76369761
0.000000 78117603
0.000000 89029481
0.000000 77107832
0.000000 69086102
0.000000 73832021
0.000000 78386674
0.000000 75973726
0.000000 77434336
0.000000 70585392
0.000000 71643651
0.000000 68554464
0.000000 70763211
0.000000 70202679
0.000000 68305353
0.000000 68605611
0.000000 67799478
0.000000 70326159
0.000000 72360865
0.000000 71733304
0.000000 70306790
0.000000 69727026
0.000000 67085322
0.000000 63775168
0.000000 69285449
0.000000 67058019
0.000000 71130962
0.000000 68188979
0.000000 69612856
0.000000 74036918
0.000000 73115376
0.000000 69348545
0.000000 75288076
0.000000 616034124
2.000000 1765685584
0.500000 94985026
1.500000 168876098
2.500000 446827769
0.500000 54385419
0.000000 55711097
0.000000 48409195
0.000000 46437506
0.000000 69824498
0.000000 60160018
0.000000 48737478
0.000000 51952151
0.000000 64244879
0.000000 55144650
0.000000 49682947
0.000000 51162965
0.000000 58553873
0.000000 57436469
0.000000 57276704
0.000000 57261220
0.000000 55455382
0.000000 80812857
0.000000 64164532
0.000000 66330271
0.500000 62759237
0.000000 59801636
0.000000 70001959
0.000000 73698225
0.000000 71696720
0.000000 84223545
0.000000 80210931
0.000000 98441942
0.000000 82838918
0.000000 243645598
0.000000 410462516
0.000000 374468934
0.000000 152955353
0.000000 101920117
