1.000000 6
2.000000 9
3.000000 9
4.000000 7
5.000000 6
6.000000 26
7.000000 291
8.000000 61
9.000000 25
10.000000 18
11.000000 8
12.000000 8
13.000000 8
14.000000 7
15.000000 8
16.000000 8
17.000000 7
18.000000 6
19.000000 6
20.000000 7
21.000000 7
22.000000 7
23.000000 8
24.000000 8
25.000000 7
26.000000 6
27.000000 5
28.000000 6
29.000000 6
30.000000 6
31.000000 6
32.000000 7
33.000000 6
34.000000 6
35.000000 7
36.000000 5
37.000000 5
38.000000 6
39.000000 7
40.000000 7
41.000000 6
42.000000 5
43.000000 7
44.000000 8
45.000000 8
46.000000 7
47.000000 6
48.000000 7
49.000000 7
50.000000 7
51.000000 6
52.000000 6
53.000000 7
54.000000 7
55.000000 6
56.000000 4
57.000000 5
58.000000 7
59.000000 6
60.000000 7
61.000000 8
62.000000 8
63.000000 8
64.000000 7
65.000000 6
66.000000 6
67.000000 7
68.000000 6
69.000000 8
70.000000 8
71.000000 8
72.000000 6
73.000000 4
74.000000 6
75.000000 5
76.000000 4
77.000000 4
78.000000 5
79.000000 6
80.000000 7
81.000000 6
82.000000 4
83.000000 6
84.000000 7
85.000000 8
86.000000 7
87.000000 4
88.000000 7
89.000000 7
90.000000 7
91.000000 5
92.000000 5
93.000000 7
94.000000 6
95.000000 5
96.000000 5
97.000000 5
98.000000 4
99.000000 7
100.000000 3
101.000000 3
102.000000 4
103.000000 4
104.000000 4
105.000000 6
106.000000 7
107.000000 7
108.000000 6
109.000000 5
110.000000 4
111.000000 4
112.000000 5
113.000000 6
114.000000 6
115.000000 7
116.000000 6
117.000000 7
118.000000 7
119.000000 6
120.000000 6
121.000000 7
122.000000 7
123.000000 6
124.000000 6
125.000000 5
126.000000 5
127.000000 6
128.000000 6
129.000000 7
130.000000 6
131.000000 7
132.000000 7
133.000000 7
134.000000 7
135.000000 7
136.000000 7
137.000000 5
138.000000 3
139.000000 5
140.000000 6
141.000000 7
142.000000 8
143.000000 8
144.000000 7
145.000000 7
146.000000 6
147.000000 6
148.000000 5
149.000000 5
150.000000 5
151.000000 5
152.000000 5
153.000000 5
154.000000 5
155.000000 5
156.000000 5
157.000000 5
158.000000 5
159.000000 5
160.000000 5
161.000000 6
162.000000 6
163.000000 6
164.000000 6
165.000000 4
166.000000 4
167.000000 6
168.000000 6
169.000000 6
170.000000 6
171.000000 5
172.000000 6
173.000000 7
174.000000 8
175.000000 7
176.000000 5
177.000000 5
178.000000 6
179.000000 6
180.000000 6
181.000000 4
182.000000 4
183.000000 5
184.000000 5
185.000000 5
186.000000 5
187.000000 6
188.000000 6
189.000000 5
190.000000 3
191.000000 3
192.000000 3
193.000000 4
194.000000 3
195.000000 3
196.000000 3
197.000000 7
198.000000 17
199.000000 20
200.000000 19
201.000000 21
202.000000 28
203.000000 93
204.000000 568
205.000000 99
206.000000 157
207.000000 742
208.000000 2032
209.000000 1787
210.000000 1029
211.000000 1497
212.000000 4017
213.000000 2137
214.000000 2261
215.000000 2208
216.000000 2200
217.000000 7078
218.000000 113566
219.000000 284977
220.000000 342394
221.000000 166148
222.000000 155648
223.000000 111270
224.000000 27567
225.000000 8720
226.000000 17973
227.000000 31619
228.000000 19967
229.000000 12011
230.000000 195712
231.000000 399586
232.000000 141718
233.000000 16668
234.000000 3646
235.000000 1379
236.000000 553
237.000000 164
238.000000 37
239.000000 19
240.000000 12
241.000000 9
242.000000 6
243.000000 3
244.000000 2
245.000000 2
246.000000 1
247.000000 4
248.000000 4
249.000000 5
250.000000 4
251.000000 12
252.000000 49
253.000000 56
254.000000 39
255.000000 19
256.000000 13
257.000000 7
258.000000 5
259.000000 6
260.000000 5
261.000000 10
262.000000 5
263.000000 6
264.000000 9
265.000000 10
266.000000 15
267.000000 10
268.000000 111
269.000000 1337
270.000000 8890
271.000000 29794
272.000000 18857
273.000000 4740
274.000000 1030
275.000000 848
276.000000 952
277.000000 978
278.000000 2633
279.000000 2259
280.000000 1561
281.000000 1623
282.000000 1175
283.000000 1183
284.000000 5922
285.000000 885
286.000000 996
287.000000 1559
288.000000 771
289.000000 703
290.000000 418
291.000000 608
292.000000 335
293.000000 847
294.000000 427
295.000000 144
296.000000 187
297.000000 1129
298.000000 1646
299.000000 2157
300.000000 2723
301.000000 2248
302.000000 2226
303.000000 1696
304.000000 1891
305.000000 2479
306.000000 520
307.000000 391
308.000000 371
309.000000 2863
310.000000 1107
311.000000 891
312.000000 903
313.000000 768
314.000000 823
315.000000 1071
316.000000 4128
317.000000 581
318.000000 359
319.000000 199
320.000000 144
321.000000 141
322.000000 91
323.000000 40
324.000000 26
325.000000 10
326.000000 3
327.000000 2
328.000000 2
329.000000 2
330.000000 3
331.000000 3
332.000000 4
333.000000 5
334.000000 4
335.000000 5
336.000000 5
337.000000 5
338.000000 5
339.000000 5
340.000000 5
341.000000 5
342.000000 5
343.000000 4
344.000000 4
345.000000 4
346.000000 4
347.000000 4
348.000000 3
349.000000 4
350.000000 4
351.000000 4
352.000000 4
353.000000 4
354.000000 3
355.000000 3
356.000000 3
357.000000 2
358.000000 2
359.000000 2
360.000000 1
361.000000 1
362.000000 1
363.000000 1
364.000000 1
365.000000 1
366.000000 0
367.000000 0
368.000000 0
369.000000 1
370.000000 0
371.000000 0
372.000000 0
373.000000 0
374.000000 0
375.000000 0
376.000000 0
377.000000 0
378.000000 0
379.000000 0
380.000000 0
381.000000 0
382.000000 0
383.000000 0
384.000000 0
385.000000 0
386.000000 0
387.000000 0
388.000000 0
389.000000 0
390.000000 0
391.000000 0
392.000000 0
393.000000 0
394.000000 0
395.000000 0
396.000000 0
397.000000 0
398.000000 0
399.000000 0
400.000000 0
401.000000 0
402.000000 0
403.000000 0
404.000000 0
405.000000 0
406.000000 0
407.000000 0
408.000000 0
409.000000 0
410.000000 0
411.000000 0
412.000000 0
413.000000 0
414.000000 0
415.000000 0
416.000000 0
417.000000 0
418.000000 0
419.000000 0
420.000000 0
421.000000 0
422.000000 0
423.000000 0
424.000000 0
425.000000 0
426.000000 0
427.000000 0
428.000000 0
429.000000 0
430.000000 0
431.000000 0
432.000000 0
433.000000 0
434.000000 0
435.000000 0
436.000000 0
437.000000 0
438.000000 0
439.000000 0
440.000000 0
441.000000 0
442.000000 0
443.000000 0
444.000000 0
445.000000 0
446.000000 0
447.000000 0
448.000000 0
449.000000 0
450.000000 0
451.000000 0
452.000000 0
453.000000 0
454.000000 0
455.000000 0
456.000000 0
457.000000 0
458.000000 0
459.000000 0
460.000000 0
461.000000 0
462.000000 0
463.000000 0
464.000000 0
465.000000 0
466.000000 0
467.000000 0
468.000000 0
469.000000 0
470.000000 0
471.000000 0
472.000000 0
473.000000 0
474.000000 0
475.000000 0
476.000000 1
477.000000 0
478.000000 0
479.000000 0
480.000000 0
481.000000 0
482.000000 0
483.000000 0
484.000000 0
485.000000 0
486.000000 0
487.000000 0
488.000000 0
489.000000 0
490.000000 1
491.000000 1
492.000000 1
493.000000 0
494.000000 1
495.000000 0
496.000000 0
497.000000 0
498.000000 0
499.000000 0
500.000000 0
501.000000 0
502.000000 0
503.000000 0
504.000000 0
505.000000 0
506.000000 0
507.000000 0
508.000000 0
509.000000 0
510.000000 0
511.000000 0
512.000000 0
513.000000 0
514.000000 0
515.000000 0
516.000000 1
517.000000 0
518.000000 0
519.000000 0
520.000000 0
521.000000 0
522.000000 0
523.000000 0
524.000000 0
525.000000 0
526.000000 0
527.000000 0
528.000000 0
529.000000 0
530.000000 0
531.000000 0
532.000000 0
533.000000 0
534.000000 0
535.000000 0
536.000000 0
537.000000 0
538.000000 0
539.000000 0
540.000000 0
541.000000 0
542.000000 0
543.000000 0
544.000000 0
545.000000 0
546.000000 0
547.000000 0
548.000000 0
549.000000 0
550.000000 0
551.000000 0
552.000000 0
553.000000 0
554.000000 0
555.000000 0
556.000000 0
557.000000 0
558.000000 0
559.000000 0
560.000000 0
561.000000 0
562.000000 0
563.000000 0
564.000000 0
565.000000 0
566.000000 0
567.000000 0
568.000000 0
569.000000 0
570.000000 0
571.000000 1
572.000000 0
573.000000 0
574.000000 0
575.000000 0
576.000000 0
577.000000 0
578.000000 0
579.000000 0
580.000000 0
581.000000 0
582.000000 0
583.000000 0
584.000000 1
585.000000 0
586.000000 0
587.000000 0
588.000000 0
589.000000 0
590.000000 0
591.000000 0
592.000000 0
593.000000 0
594.000000 0
595.000000 0
596.000000 0
597.000000 0
598.000000 0
599.000000 0
600.000000 0
601.000000 0
602.000000 0
603.000000 0
604.000000 0
605.000000 0
606.000000 0
607.000000 0
608.000000 0
609.000000 0
610.000000 1
611.000000 0
612.000000 0
613.000000 0
614.000000 0
615.000000 0
616.000000 0
617.000000 0
618.000000 0
619.000000 0
620.000000 0
621.000000 0
622.000000 0
623.000000 0
624.000000 0
625.000000 0
626.000000 0
627.000000 0
628.000000 0
629.000000 0
630.000000 0
631.000000 0
632.000000 0
633.000000 0
634.000000 0
635.000000 0
636.000000 0
637.000000 0
638.000000 0
639.000000 0
640.000000 0
641.000000 0
642.000000 0
643.000000 0
644.000000 0
645.000000 0
646.000000 0
647.000000 0
648.000000 1
649.000000 0
650.000000 0
651.000000 0
652.000000 0
653.000000 0
654.000000 0
655.000000 0
656.000000 0
657.000000 0
658.000000 0
659.000000 0
660.000000 0
661.000000 0
662.000000 0
663.000000 0
664.000000 0
665.000000 0
666.000000 0
667.000000 0
668.000000 0
669.000000 0
670.000000 0
671.000000 0
672.000000 0
673.000000 0
674.000000 0
675.000000 0
676.000000 0
677.000000 0
678.000000 0
679.000000 0
680.000000 0
681.000000 0
682.000000 0
683.000000 0
684.000000 0
685.000000 0
686.000000 0
687.000000 0
688.000000 0
689.000000 1
690.000000 1
691.000000 0
692.000000 0
693.000000 0
694.000000 0
695.000000 0
696.000000 0
697.000000 0
698.000000 0
699.000000 0
700.000000 0
701.000000 0
702.000000 0
703.000000 0
704.000000 0
705.000000 0
706.000000 0
707.000000 0
708.000000 0
709.000000 0
710.000000 0
711.000000 0
712.000000 0
713.000000 0
714.000000 0
715.000000 0
716.000000 0
717.000000 0
718.000000 0
719.000000 0
720.000000 0
721.000000 0
722.000000 0
723.000000 0
724.000000 0
725.000000 0
726.000000 0
727.000000 0
728.000000 0
729.000000 1
730.000000 0
731.000000 0
732.000000 0
733.000000 0
734.000000 0
735.000000 0
736.000000 0
737.000000 0
738.000000 0
739.000000 0
740.000000 0
741.000000 0
742.000000 0
743.000000 0
744.000000 0
745.000000 0
746.000000 0
747.000000 0
748.000000 0
749.000000 0
750.000000 0
751.000000 0
752.000000 0
753.000000 0
754.000000 0
755.000000 0
756.000000 0
757.000000 0
758.000000 0
759.000000 0
760.000000 0
761.000000 0
762.000000 0
763.000000 0
764.000000 0
765.000000 0
766.000000 1
767.000000 1
768.000000 0
769.000000 1
770.000000 0
771.000000 0
772.000000 0
773.000000 0
774.000000 0
775.000000 0
776.000000 0
777.000000 0
778.000000 0
779.000000 0
780.000000 0
781.000000 0
782.000000 0
783.000000 0
784.000000 0
785.000000 0
786.000000 0
787.000000 0
788.000000 0
789.000000 0
790.000000 0
791.000000 0
792.000000 0
793.000000 0
794.000000 0
795.000000 0
796.000000 0
797.000000 0
798.000000 0
799.000000 0
800.000000 0
801.000000 0
802.000000 0
803.000000 0
804.000000 0
805.000000 0
806.000000 1
807.000000 0
808.000000 0
809.000000 1
810.000000 1
811.000000 0
812.000000 0
813.000000 0
814.000000 1
815.000000 1
816.000000 2
817.000000 2
818.000000 3
819.000000 1
820.000000 1
821.000000 1
822.000000 1
823.000000 1
824.000000 1
825.000000 0
826.000000 0
827.000000 0
828.000000 0
829.000000 1
830.000000 4
831.000000 8
832.000000 14
833.000000 49
834.000000 68
835.000000 144
836.000000 103
837.000000 120
838.000000 90
839.000000 63
840.000000 43
841.000000 17
842.000000 9
843.000000 5
844.000000 5
845.000000 7
846.000000 7
847.000000 2
848.000000 5
849.000000 6
850.000000 23
851.000000 39
852.000000 37
853.000000 51
854.000000 30
855.000000 43
856.000000 58
857.000000 29
858.000000 23
859.000000 22
860.000000 23
861.000000 14
862.000000 13
863.000000 13
864.000000 8
865.000000 9
866.000000 9
867.000000 16
868.000000 14
869.000000 11
870.000000 7
871.000000 7
872.000000 11
873.000000 18
874.000000 11
875.000000 9
876.000000 5
877.000000 5
878.000000 4
879.000000 3
880.000000 2
881.000000 2
882.000000 3
883.000000 4
884.000000 5
885.000000 6
886.000000 5
887.000000 4
888.000000 4
889.000000 7
890.000000 6
891.000000 5
892.000000 6
893.000000 4
894.000000 4
895.000000 4
896.000000 4
897.000000 3
898.000000 3
899.000000 6
900.000000 11
901.000000 14
902.000000 15
903.000000 20
904.000000 17
905.000000 15
906.000000 15
907.000000 12
908.000000 35
909.000000 29
910.000000 24
911.000000 18
912.000000 16
913.000000 15
914.000000 12
915.000000 7
916.000000 9
917.000000 10
918.000000 63
919.000000 157
920.000000 181
921.000000 215
922.000000 152
923.000000 101
924.000000 50
925.000000 21
926.000000 31
927.000000 23
928.000000 17
929.000000 18
930.000000 30
931.000000 38
932.000000 52
933.000000 51
934.000000 51
935.000000 45
936.000000 35
937.000000 30
938.000000 18
939.000000 13
940.000000 13
941.000000 13
942.000000 13
943.000000 12
944.000000 6
945.000000 4
946.000000 4
947.000000 4
948.000000 4
949.000000 2
950.000000 2
951.000000 1
952.000000 1
953.000000 1
954.000000 1
955.000000 1
956.000000 1
957.000000 1
958.000000 0
959.000000 0
960.000000 1
961.000000 4
962.000000 8
963.000000 10
964.000000 9
965.000000 12
966.000000 8
967.000000 5
968.000000 3
969.000000 3
970.000000 4
971.000000 12
972.000000 15
973.000000 21
974.000000 22
975.000000 15
976.000000 8
977.000000 3
978.000000 4
979.000000 6
980.000000 5
981.000000 17
982.000000 20
983.000000 19
984.000000 14
985.000000 9
986.000000 10
987.000000 7
988.000000 6
989.000000 6
990.000000 6
991.000000 5
992.000000 3
993.000000 3
994.000000 2
995.000000 2
996.000000 5
997.000000 6
998.000000 7
999.000000 7
1000.000000 6
1001.000000 4
1002.000000 3
1003.000000 3
1004.000000 3
1005.000000 2
1006.000000 2
1007.000000 3
1008.000000 3
1009.000000 5
1010.000000 5
1011.000000 5
1012.000000 7
1013.000000 20
1014.000000 22
1015.000000 22
1016.000000 15
1017.000000 11
1018.000000 9
1019.000000 7
1020.000000 5
1021.000000 4
1022.000000 3
1023.000000 3
1024.000000 4
1025.000000 6
1026.000000 520
1027.000000 328
1028.000000 153
1029.000000 105
1030.000000 57
1031.000000 43
1032.000000 41
1033.000000 69
1034.000000 58
1035.000000 42
1036.000000 28
1037.000000 21
1038.000000 37
1039.000000 61
1040.000000 90
1041.000000 76
1042.000000 46
1043.000000 39
1044.000000 24
1045.000000 20
1046.000000 22
1047.000000 23
1048.000000 61
1049.000000 39
1050.000000 32
1051.000000 24
1052.000000 19
1053.000000 13
1054.000000 9
1055.000000 31
1056.000000 16
1057.000000 29
1058.000000 28
1059.000000 20
1060.000000 15
1061.000000 7
1062.000000 6
1063.000000 5
1064.000000 5
1065.000000 4
1066.000000 3
1067.000000 5
1068.000000 5
1069.000000 5
1070.000000 5
1071.000000 5
1072.000000 12
1073.000000 5
1074.000000 7
1075.000000 11
1076.000000 48
1077.000000 129
1078.000000 76
1079.000000 37
1080.000000 11
1081.000000 10
1082.000000 4
1083.000000 5
1084.000000 26
1085.000000 50
1086.000000 40
1087.000000 96
1088.000000 84
1089.000000 70
1090.000000 56
1091.000000 17
1092.000000 6
1093.000000 5
1094.000000 3
1095.000000 2
1096.000000 3
1097.000000 3
1098.000000 2
1099.000000 2
1100.000000 2
1101.000000 2
1102.000000 3
1103.000000 3
1104.000000 3
1105.000000 4
1106.000000 4
1107.000000 4
1108.000000 4
1109.000000 5
1110.000000 5
1111.000000 5
1112.000000 5
1113.000000 4
1114.000000 4
1115.000000 4
1116.000000 3
1117.000000 2
1118.000000 5
1119.000000 7
1120.000000 18
1121.000000 24
1122.000000 19
1123.000000 90
1124.000000 112
1125.000000 170
1126.000000 109
1127.000000 112
1128.000000 68
1129.000000 69
1130.000000 58
1131.000000 39
1132.000000 24
1133.000000 30
1134.000000 33
1135.000000 91
1136.000000 72
1137.000000 82
1138.000000 85
1139.000000 111
1140.000000 85
1141.000000 76
1142.000000 46
1143.000000 25
1144.000000 18
1145.000000 14
1146.000000 25
1147.000000 29
1148.000000 39
1149.000000 48
1150.000000 59
1151.000000 42
1152.000000 58
1153.000000 74
1154.000000 65
1155.000000 52
1156.000000 59
1157.000000 55
1158.000000 58
1159.000000 48
1160.000000 47
1161.000000 64
1162.000000 91
1163.000000 125
1164.000000 123
1165.000000 135
1166.000000 136
1167.000000 149
1168.000000 149
1169.000000 284
1170.000000 417
1171.000000 424
1172.000000 372
1173.000000 400
1174.000000 980
1175.000000 547
1176.000000 665
1177.000000 662
1178.000000 927
1179.000000 916
1180.000000 985
1181.000000 1271
1182.000000 1048
1183.000000 801
1184.000000 714
1185.000000 789
1186.000000 739
1187.000000 605
1188.000000 296
1189.000000 251
1190.000000 195
1191.000000 123
1192.000000 85
1193.000000 65
1194.000000 69
1195.000000 413
1196.000000 280
1197.000000 328
1198.000000 502
1199.000000 220
1200.000000 200
1201.000000 135
1202.000000 105
1203.000000 65
1204.000000 28
