10.000000 46
20.000000 7
30.000000 7
40.000000 6
50.000000 7
60.000000 6
70.000000 7
80.000000 5
90.000000 6
100.000000 5
110.000000 5
120.000000 6
130.000000 6
140.000000 6
150.000000 6
160.000000 5
170.000000 6
180.000000 6
190.000000 5
200.000000 8
210.000000 655
220.000000 76233
230.000000 74663
240.000000 56378
250.000000 4
260.000000 21
270.000000 1040
280.000000 6365
290.000000 1524
300.000000 1020
310.000000 1579
320.000000 987
330.000000 32
340.000000 5
350.000000 4
360.000000 3
370.000000 1
380.000000 0
390.000000 0
400.000000 0
410.000000 0
420.000000 0
430.000000 0
440.000000 0
450.000000 0
460.000000 0
470.000000 0
480.000000 0
490.000000 0
500.000000 0
510.000000 0
520.000000 0
530.000000 0
540.000000 0
550.000000 0
560.000000 0
570.000000 0
580.000000 0
590.000000 0
600.000000 0
610.000000 0
620.000000 0
630.000000 0
640.000000 0
650.000000 0
660.000000 0
670.000000 0
680.000000 0
690.000000 0
700.000000 0
710.000000 0
720.000000 0
730.000000 0
740.000000 0
750.000000 0
760.000000 0
770.000000 0
780.000000 0
790.000000 0
800.000000 0
810.000000 0
820.000000 1
830.000000 1
840.000000 70
850.000000 9
860.000000 36
870.000000 11
880.000000 8
890.000000 4
900.000000 5
910.000000 20
920.000000 49
930.000000 66
940.000000 35
950.000000 6
960.000000 1
970.000000 7
980.000000 11
990.000000 11
1000.000000 5
1010.000000 3
1020.000000 12
1030.000000 118
1040.000000 49
1050.000000 38
1060.000000 20
1070.000000 5
1080.000000 34
1090.000000 44
1100.000000 4
1110.000000 4
1120.000000 6
1130.000000 83
1140.000000 65
1150.000000 38
1160.000000 56
1170.000000 167
1180.000000 688
1190.000000 671
1200.000000 228
1210.000000 86
