10.000000 121
20.000000 95
30.000000 95
40.000000 95
50.000000 98
60.000000 94
70.000000 99
80.000000 121
90.000000 96
100.000000 99
110.000000 119
120.000000 91
130.000000 94
140.000000 103
150.000000 90
160.000000 89
170.000000 91
180.000000 94
190.000000 94
200.000000 104
210.000000 92
220.000000 91
230.000000 95
240.000000 96
250.000000 96
260.000000 95
270.000000 95
280.000000 96
290.000000 99
300.000000 100
310.000000 97
320.000000 97
330.000000 97
340.000000 98
350.000000 100
360.000000 101
370.000000 98
380.000000 101
390.000000 102
400.000000 101
410.000000 102
420.000000 102
430.000000 102
440.000000 104
450.000000 105
460.000000 105
470.000000 106
480.000000 106
490.000000 108
500.000000 108
510.000000 109
520.000000 113
530.000000 114
540.000000 111
550.000000 116
560.000000 116
570.000000 118
580.000000 138
590.000000 120
600.000000 130
610.000000 136
620.000000 127
630.000000 125
640.000000 128
650.000000 125
660.000000 125
670.000000 125
680.000000 142
690.000000 134
700.000000 145
710.000000 212
720.000000 130
730.000000 128
740.000000 133
750.000000 137
760.000000 148
770.000000 151
780.000000 245
