10.000000 1
20.000000 0
30.000000 0
40.000000 0
50.000000 0
60.000000 0
70.000000 1
80.000000 2
90.000000 0
100.000000 0
110.000000 0
120.000000 0
130.000000 0
140.000000 0
150.000000 0
160.000000 0
170.000000 0
180.000000 0
190.000000 0
200.000000 0
210.000000 0
220.000000 0
230.000000 0
240.000000 0
250.000000 0
260.000000 0
270.000000 0
280.000000 0
290.000000 0
300.000000 0
310.000000 0
320.000000 0
330.000000 0
340.000000 0
350.000000 0
360.000000 0
370.000000 0
380.000000 0
390.000000 0
400.000000 0
410.000000 0
420.000000 0
430.000000 0
440.000000 0
450.000000 0
460.000000 0
470.000000 0
480.000000 0
490.000000 0
500.000000 0
510.000000 0
520.000000 1
530.000000 2
540.000000 1
550.000000 1
560.000000 0
570.000000 0
580.000000 1
590.000000 0
600.000000 0
610.000000 0
620.000000 0
630.000000 0
640.000000 0
650.000000 0
660.000000 0
670.000000 0
680.000000 1
690.000000 0
700.000000 1
710.000000 0
720.000000 0
730.000000 0
740.000000 0
750.000000 1
760.000000 0
770.000000 1
780.000000 4
