1 3023443178
2 0
3 0
4 0
5 0
6 0
7 0
8 0
9 0
10 0
11 0
12 0
13 0
14 0
15 0
16 0
17 0
18 0
19 0
20 0
21 0
22 0
23 0
24 0
25 0
26 0
27 0
28 0
29 0
30 0
31 0
32 0
33 0
34 0
35 0
36 0
37 0
38 0
39 0
40 0
41 0
42 0
43 0
44 0
45 0
46 0
47 0
48 0
49 0
50 0
51 0
52 0
53 0
54 0
55 0
56 0
57 0
58 0
59 0
60 0
61 0
62 0
63 0
64 0
65 0
66 0
67 0
68 0
69 0
70 0
71 0
72 0
73 0
74 0
75 0
76 0
77 0
78 0
79 0
80 0
81 0
82 0
83 0
84 0
85 0
86 0
87 0
88 0
89 0
90 0
91 0
92 0
93 0
94 0
95 0
96 0
97 0
98 57311
99 0
100 0
101 0
102 0
103 0
104 0
105 0
106 0
107 0
108 0
109 0
110 0
111 0
112 0
113 0
114 0
115 0
116 0
117 0
118 0
119 0
120 0
121 0
122 0
123 0
124 0
125 0
126 0
127 0
128 0
129 0
130 0
131 0
132 0
133 0
134 0
135 0
136 0
137 0
138 0
139 0
140 0
141 0
142 0
143 0
144 0
145 0
146 0
147 0
148 0
149 0
150 0
151 0
152 0
153 0
154 0
155 0
156 0
157 0
158 0
159 0
160 0
161 0
162 0
163 0
164 0
165 0
166 0
167 0
168 0
169 0
170 0
171 0
172 0
173 0
174 0
175 0
176 0
177 0
178 0
179 0
180 0
181 0
182 0
183 0
184 0
185 0
186 0
187 0
188 0
189 0
190 0
191 0
192 0
193 0
194 0
195 0
196 0
197 0
198 0
199 0
200 0
201 0
202 0
203 0
204 0
205 0
206 0
207 0
208 0
209 217945
210 0
211 0
212 0
213 0
214 0
215 0
216 0
217 0
218 0
219 0
220 0
221 0
222 0
223 0
224 0
225 0
226 0
227 0
228 0
229 0
230 0
231 0
232 0
233 0
234 0
235 0
236 0
237 0
238 0
239 0
240 0
241 0
242 0
243 0
244 0
245 0
246 0
247 0
248 0
249 0
250 0
251 0
252 0
253 0
254 0
255 0
256 0
257 0
258 0
259 0
260 0
261 0
262 0
263 0
264 0
265 0
266 0
267 0
268 0
269 0
270 0
271 0
272 0
273 0
274 0
275 0
276 0
277 0
278 0
279 0
280 0
281 0
282 0
283 0
284 0
285 0
286 0
287 0
288 0
289 0
290 0
291 0
292 0
293 0
294 0
295 0
296 0
297 0
298 0
299 0
300 0
301 0
302 0
303 0
304 0
305 0
306 0
307 0
308 0
309 0
310 0
311 0
312 0
313 0
314 0
315 0
316 0
317 0
318 0
319 0
320 0
321 0
322 0
323 0
324 0
325 0
326 0
327 0
328 0
329 0
330 0
331 0
332 0
333 0
334 0
335 0
336 0
337 0
338 0
339 0
340 0
341 0
342 0
343 0
344 0
345 0
346 0
347 0
348 0
349 0
350 0
351 0
352 0
353 0
354 0
355 0
356 0
357 0
358 0
359 0
360 0
361 0
362 0
363 0
364 0
365 0
366 0
367 0
368 0
369 0
370 0
371 0
372 0
373 0
374 0
375 0
376 0
377 0
378 0
379 0
380 0
381 0
382 0
383 0
384 0
385 0
386 0
387 0
388 0
389 0
390 0
391 0
392 0
393 0
394 0
395 0
396 0
397 0
398 0
399 0
400 0
401 0
402 0
403 0
404 0
405 0
406 0
407 0
408 0
409 0
410 0
411 0
412 0
413 0
414 0
415 0
416 0
417 0
418 0
419 0
420 0
421 0
422 0
423 0
424 0
425 0
426 0
427 0
428 0
429 0
430 0
431 0
432 0
433 0
434 0
435 0
436 0
437 0
438 0
439 0
440 0
441 0
442 0
443 0
444 0
445 0
446 0
447 0
448 0
449 0
450 0
451 0
452 0
453 0
454 0
455 0
456 0
457 0
458 0
459 0
460 0
461 0
462 0
463 0
464 0
465 0
466 0
467 0
468 0
469 0
470 0
471 0
472 0
473 0
474 0
475 0
476 0
477 0
478 334098
479 0
480 0
481 0
482 0
483 202736
484 0
485 0
486 0
487 0
488 0
489 0
490 0
491 0
492 0
493 0
494 0
495 0
496 0
497 0
498 0
499 0
500 0
501 0
502 0
503 0
504 0
505 0
506 0
507 0
508 0
509 0
510 0
511 0
512 0
513 0
514 0
515 0
516 0
517 0
518 0
519 0
520 0
521 0
522 0
523 0
524 0
525 0
526 0
527 0
528 0
529 0
530 0
531 0
532 0
533 0
534 0
535 0
536 0
537 0
538 0
539 0
540 0
541 0
542 0
543 0
544 0
545 0
546 0
547 0
548 0
549 0
550 0
551 0
552 0
553 0
554 0
555 0
556 0
557 0
558 0
559 0
560 0
561 0
562 0
563 0
564 0
565 0
566 0
567 0
568 0
569 0
570 0
571 0
572 0
573 0
574 0
575 0
576 0
577 0
578 0
579 0
580 0
581 0
582 0
583 0
584 0
585 0
586 0
587 0
588 0
589 0
590 0
591 0
592 0
593 0
594 0
595 0
596 0
597 0
598 0
599 0
600 0
601 0
602 0
603 0
604 0
605 0
606 0
607 0
608 0
609 0
610 0
611 0
612 0
613 0
614 0
615 0
616 0
617 0
618 0
619 0
620 0
621 0
622 0
623 0
624 0
625 0
626 0
627 0
628 0
629 0
630 699357
631 1017482
632 1050618
633 137046
634 181142
635 0
636 0
637 0
638 5204817
639 24525008
640 44110687
641 35655887
642 19695497
643 17326209
644 9030164
645 5704816
646 3354306
647 3404206
648 4419994
649 1112648
650 860918
651 649368
652 0
653 317345
654 2049082
655 1444854
656 983152
657 6581809
658 6016661
659 50502261
660 69747313
661 71441699
662 40572225
663 52954989
664 679671662
665 409379921
666 401143450
667 1720911642
668 581295157
669 648592836
670 1361075185
671 1200537628
672 1999176249
673 2580171725
674 1997032716
675 1637228645
676 1901770155
677 933250331
678 2133391719
679 661310419
680 240611666
681 1447520403
682 603968726
683 798235680
684 756915684
685 1323599708
686 757711860
687 5495317642
688 5524521345
689 6862376082
690 4253071603
691 8331185437
692 7153164177
693 11897084239
694 7889105816
695 11101641935
696 10316570841
697 9131756802
698 7045232457
699 8947249223
700 3061684260
701 2091421139
702 992908216
703 12114739970
704 2069991419
705 1238304894
706 597890668
707 3705811258
708 1663007008
709 1127345730
710 3334587075
711 8165229263
712 7085200274
713 12343981968
714 5957551691
715 3981420274
716 4479262097
717 4934729038
718 3849304714
719 9782600126
720 7672796832
721 2693809156
722 2178664818
723 2507937636
724 2710895629
725 2356817523
726 2634289865
727 2623571982
728 1302887507
729 1524644291
730 1320174961
731 1455005472
732 1657178919
733 2549251377
734 2262671206
735 2357700231
736 2244996370
737 3233929255
738 2756666993
739 1895704650
740 1218067114
741 996468475
742 1025478372
743 749566159
744 994656729
745 1737531764
746 1813056938
747 1044842593
748 584830344
749 626628901
750 703364017
751 697246328
752 944779272
753 1582050154
754 1554289118
755 2198195940
756 1924016129
757 1843504383
758 2507483780
759 2722908910
760 1892301675
761 2491674330
762 5564268926
763 6389044251
764 4598423727
765 5048310567
766 2227713317
767 3420193950
768 6853298665
769 8837773923
770 10226215475
771 6619544415
772 3597799608
773 4543259110
774 2637630904
775 12121055495
776 7161816192
777 8426612280
778 7154948070
779 3932746114
780 2960265959
781 2237810314
782 2454570417
783 1315960038
784 974579029
785 2130986250
786 3547295868
787 2164535043
788 1151007128
789 965730171
790 1075226664
791 1124075644
792 655091364
793 407118267
794 229710935
795 187481313
796 235418913
797 213702480
798 132504323
799 99724450
800 47607511
801 27996964
802 61099642
803 70768259
804 73836435
805 49321795
806 121549577
807 469271088
808 655549285
809 1113927074
810 1043378708
811 644607139
812 685568502
813 426421269
814 387997265
815 179353045
816 221044005
817 638557777
818 1239813660
819 694020529
820 259915467
821 98951176
822 123042964
823 273118981
824 323884964
825 1105788978
826 479804995
827 811647391
828 1743368795
829 1237893662
830 559317835
831 294474569
832 208178112
833 242518289
834 153337422
835 92030690
836 90436475
837 127098557
838 72308818
839 181050301
840 448149988
841 1318580452
842 1266807360
843 966266238
844 776331346
845 868901373
846 613458277
847 396082099
848 329939008
849 380872803
850 628368409
851 562403655
852 1374289799
853 296095733
854 153788284
855 50516987
856 22312890
857 17001116
858 18196725
859 36766619
860 97798650
861 245949755
862 153786216
863 224286797
864 350304649
865 255552516
866 106500662
867 62186211
868 55729593
869 33380940
870 14541232
871 6937825
872 110477683
873 297341929
874 340122308
875 276270444
876 118628343
877 141137365
878 163570592
879 37475050
880 779866670
881 1777310422
882 2127736610
883 3095497285
884 1674213289
885 1116888618
886 1837090685
887 2020597674
888 1319267217
889 3055411299
890 1872949067
891 837925374
892 1752900167
893 769411207
894 978991363
895 648582451
896 290932694
897 162196471
898 62129295
899 41039848
900 65394439
901 58831547
902 44177978
903 46852655
904 42395643
905 65749502
906 64636116
907 79406212
908 273343528
909 402094564
910 318806923
911 162765493
912 132870712
913 94906085
914 181586930
915 246382706
916 192854595
917 105333730
918 60771851
919 38144718
920 21546722
921 31221707
922 38431130
923 61804604
924 46108426
925 26069441
926 27445517
927 18474468
928 16138130
929 9895005
930 16474836
931 12665037
932 7012767
933 481943
934 20527621
935 68596464
936 44568016
937 99390472
938 116842385
939 136525107
940 39406952
941 9598114
942 17085740
943 2303686
944 2441445
945 1046599
946 586300
947 630572
948 808195
949 383955
950 0
951 0
952 0
953 0
954 0
955 0
956 0
957 0
958 0
959 0
960 0
961 0
962 0
963 0
964 246689
965 0
966 0
967 0
968 0
969 0
970 0
971 0
972 0
973 0
974 0
975 0
976 0
977 0
978 0
979 0
980 0
981 0
982 0
983 0
984 0
985 0
986 0
987 0
988 0
989 0
990 0
991 0
992 0
993 0
994 0
995 0
996 0
997 0
998 0
999 0
1000 0
1001 0
1002 0
1003 0
1004 0
1005 0
1006 0
1007 0
1008 0
1009 0
1010 0
1011 0
1012 0
1013 0
1014 0
1015 0
1016 559615
1017 0
1018 0
1019 0
1020 0
1021 0
1022 0
1023 0
1024 0
1025 0
1026 0
1027 0
1028 0
1029 0
1030 0
1031 0
1032 0
1033 0
1034 0
1035 0
1036 0
1037 0
1038 0
1039 0
1040 0
1041 0
1042 0
1043 0
1044 0
1045 0
1046 0
1047 0
1048 0
1049 0
1050 0
1051 0
1052 0
1053 0
1054 0
1055 0
1056 0
1057 0
1058 0
1059 0
1060 0
1061 0
1062 0
1063 0
1064 0
1065 0
1066 0
1067 0
1068 0
1069 0
1070 0
1071 0
1072 0
1073 0
1074 0
1075 0
1076 0
1077 0
1078 0
1079 0
1080 0
1081 0
1082 0
1083 0
1084 0
1085 0
1086 0
1087 0
1088 0
1089 0
1090 0
1091 0
1092 0
1093 0
1094 0
1095 0
1096 0
1097 0
1098 0
1099 0
1100 0
1101 0
1102 0
1103 0
1104 0
1105 0
1106 0
1107 0
1108 0
1109 0
1110 0
1111 0
1112 0
1113 0
1114 0
1115 0
1116 2657077
1117 0
1118 0
1119 0
1120 0
1121 0
1122 0
1123 0
1124 0
1125 0
1126 0
1127 0
1128 0
1129 0
1130 0
1131 0
1132 0
1133 0
1134 98752
1135 0
1136 0
1137 0
1138 0
1139 0
1140 0
1141 0
1142 0
1143 0
1144 0
1145 0
1146 139720
1147 0
1148 0
1149 0
1150 0
1151 0
1152 0
1153 0
1154 0
1155 0
1156 0
1157 0
1158 0
1159 0
1160 0
1161 0
1162 0
1163 0
1164 0
1165 0
1166 0
1167 0
1168 0
1169 0
1170 0
1171 0
1172 0
1173 0
1174 0
1175 0
1176 0
1177 0
1178 0
1179 0
1180 0
1181 0
1182 0
1183 0
1184 0
1185 0
1186 0
1187 0
1188 0
1189 0
1190 0
1191 0
1192 0
1193 0
1194 0
1195 0
1196 0
1197 0
1198 0
1199 0
1200 0
1201 0
1202 0
1203 0
1204 0
1205 0
1206 0
1207 0
1208 0
1209 0
1210 0
1211 1992060
