10 0.0
20 0.0
30 0.0
40 0.0
50 0.0
60 0.0
70 0.0
80 0.0
90 0.0
100 0.0
110 0.0
120 0.0
130 0.0
140 0.0
150 0.0
160 0.0
170 0.0
180 0.0
190 0.0
200 0.0
210 0.0
220 0.0
230 0.0
240 0.0
250 0.0
260 0.0
270 0.0
280 0.0
290 0.0
300 0.0
310 0.0
320 0.0
330 0.0
340 0.0
350 0.0
360 0.0
370 0.0
380 0.0
390 0.0
400 0.0
410 0.0
420 0.0
430 0.0
440 0.0
450 0.0
460 0.0
470 0.0
480 0.0
490 0.0
500 0.0
510 0.0
520 0.0
530 0.0
540 0.0
550 0.0
560 0.0
570 0.0
580 0.0
590 0.0
600 0.0
610 0.0
620 0.0
630 0.0
640 0.0
650 0.0
660 0.0
670 0.0
680 1.0
690 2.5
700 3.0
710 2.5
720 5.5
730 4.0
740 4.0
750 4.5
760 4.5
770 4.5
780 5.0
790 3.0
800 2.0
810 2.0
820 3.0
830 2.5
840 1.0
850 2.0
860 1.5
870 1.0
880 2.5
890 5.0
900 3.0
910 1.5
920 2.5
930 0.5
940 0.5
950 0.0
960 0.0
970 0.0
980 0.5
990 0.0
1000 0.0
1010 0.0
1020 0.0
1030 0.0
1040 0.0
1050 0.0
1060 0.0
1070 0.0
1080 0.0
1090 0.0
1100 0.0
1110 0.0
1120 0.0
1130 0.0
1140 0.0
1150 0.0
1160 0.0
1170 0.0
1180 0.0
1190 0.0
1200 0.0
1210 0.0
