10 871480627
20 0
30 0
40 0
50 0
60 0
70 0
80 0
90 0
100 121014
110 0
120 0
130 0
140 0
150 0
160 0
170 0
180 0
190 0
200 0
210 0
220 0
230 0
240 0
250 0
260 0
270 0
280 0
290 0
300 0
310 0
320 0
330 0
340 0
350 0
360 0
370 0
380 0
390 0
400 0
410 0
420 0
430 0
440 0
450 0
460 0
470 112028
480 0
490 0
500 0
510 0
520 0
530 0
540 0
550 0
560 0
570 0
580 0
590 0
600 0
610 0
620 0
630 152116
640 24950747
650 27338868
660 39335408
670 1301698896
680 3105381461
690 4508665727
700 9480048647
710 5760620140
720 10729273544
730 5167670807
740 4785445740
750 2739173567
760 4298245934
770 8926196349
780 8890023256
790 4161574512
800 794202169
810 933660541
820 1293871280
830 1590252409
840 456988163
850 1902606331
860 570460326
870 342055691
880 538091296
890 4627537791
900 1229900367
910 294314864
920 255383825
930 53117903
940 145297053
950 6301160
960 0
970 0
980 0
990 0
1000 0
1010 0
1020 0
1030 0
1040 0
1050 0
1060 0
1070 0
1080 0
1090 0
1100 0
1110 0
1120 0
1130 0
1140 55394
1150 61711
1160 0
1170 0
1180 0
1190 0
1200 0
1210 0
1220 265903
