10 0.0
20 0.0
30 0.0
40 0.0
50 0.0
60 0.0
70 0.0
80 0.0
90 0.0
100 0.0
110 0.0
120 0.0
130 0.0
140 0.0
150 0.0
160 0.0
170 0.0
180 0.0
190 0.0
200 0.0
210 0.0
220 1.5
230 0.5
240 0.5
250 0.0
260 0.0
270 0.0
280 1.5
290 3.0
300 0.0
310 0.5
320 0.5
330 0.5
340 0.5
350 0.5
360 2.0
370 0.5
380 2.5
390 1.5
400 0.5
410 0.5
420 1.0
430 2.5
440 2.5
450 1.5
460 4.0
470 6.5
480 3.0
490 4.0
500 5.0
510 1.5
520 2.0
530 1.5
540 3.5
550 7.0
560 10.5
570 13.0
580 10.0
590 12.5
600 12.5
610 9.0
620 11.0
630 10.0
640 12.5
650 11.0
660 9.0
670 7.0
680 8.5
690 15.0
700 13.0
710 18.5
720 16.0
730 14.0
740 21.5
750 26.5
760 11.5
770 14.5
780 14.5
790 5.5
800 1.0
810 0.5
820 0.0
830 0.0
840 0.5
850 0.0
860 0.0
870 0.0
880 0.0
890 0.0
900 0.0
910 0.0
920 0.0
930 0.0
