10.000000 1
20.000000 1
30.000000 1
40.000000 1
50.000000 1
60.000000 1
70.000000 1
80.000000 2
90.000000 1
100.000000 1
110.000000 1
120.000000 1
130.000000 1
140.000000 1
150.000000 1
160.000000 1
170.000000 13
180.000000 14
190.000000 1
200.000000 2
210.000000 279
220.000000 106
230.000000 13
240.000000 1
250.000000 1
260.000000 1
270.000000 2
280.000000 89
290.000000 156
300.000000 3
310.000000 2
320.000000 34
330.000000 3
340.000000 14
350.000000 2
360.000000 61
370.000000 31
380.000000 60
390.000000 54
400.000000 8
410.000000 5
420.000000 22
430.000000 132
440.000000 87
450.000000 51
460.000000 416
470.000000 1102
480.000000 165
490.000000 479
500.000000 695
510.000000 35
520.000000 42
530.000000 44
540.000000 242
550.000000 757
560.000000 2348
570.000000 2098
580.000000 862
590.000000 3604
600.000000 3259
610.000000 3488
620.000000 4513
630.000000 3749
640.000000 4824
650.000000 2121
660.000000 1267
670.000000 792
680.000000 744
690.000000 1936
700.000000 2501
710.000000 3597
720.000000 3022
730.000000 1986
740.000000 4863
750.000000 8442
760.000000 2562
770.000000 4079
780.000000 3131
790.000000 440
800.000000 24
810.000000 9
820.000000 2
830.000000 1
840.000000 1
850.000000 1
860.000000 1
870.000000 1
880.000000 1
890.000000 1
900.000000 1
910.000000 1
920.000000 1
930.000000 1
940.000000 1
