10 522970
20 0
30 0
40 0
50 0
60 0
70 0
80 6587906
90 0
100 0
110 0
120 0
130 0
140 446600
150 0
160 857291
170 196671271
180 168763595
190 0
200 7182677
210 2976396565
220 1323321455
230 150419831
240 786893
250 3912829
260 1241729
270 4372640
280 1127890722
290 1832529394
300 14826986
310 7143295
320 400305674
330 23694440
340 164769517
350 8933879
360 742608135
370 322342187
380 712408051
390 627906403
400 72662170
410 40826892
420 263783755
430 1644459135
440 1011027482
450 611134818
460 4680703909
470 11101842727
480 1995810799
490 5260503535
500 7176643204
510 389405879
520 444431314
530 452700863
540 2644447136
550 7576400639
560 22363239605
570 20833422304
580 8541631957
590 32688238212
600 30723475049
610 32427198009
620 39509622448
630 32317416752
640 43532848826
650 21804061681
660 13316680682
670 8663272319
680 8136155058
690 19012989018
700 23732865498
710 35330909590
720 28898339349
730 20664768489
740 45703524275
750 74344825850
760 25009414157
770 37955322849
780 29546668569
790 4474996669
800 239874852
810 62097184
820 154430
830 0
840 0
850 0
860 0
870 0
880 0
890 0
900 0
910 0
920 0
930 0
940 571278
